0 [82 -7  1]
1 [82 -6  1]
2 [81 -5  1]
3 [81 -4  1]
4 [80 -3  1]
5 [80 -2  1]
6 [80 -1  1]
7 [80  0  1]
8 [80  0  1]
9 [80  0  1]
10 [80  1  1]
11 [80  2  1]
12 [80  3  1]
13 [81  4  1]
14 [81  5  1]
15 [82  6  1]
16 [82  7  1]
17 [83  7  1]
18 [84  8  1]
19 [85  8  1]
20 [86  9  1]
21 [87  9  1]
22 [88  9  1]
23 [89  9  1]
24 [90  9  1]
25 [90  9  1]
26 [91  9  1]
27 [92  9  1]
28 [93  9  1]
29 [94  8  1]
30 [95  8  1]
31 [96  7  1]
32 [97  7  1]
33 [97  6  1]
34 [98  5  1]
35 [98  4  1]
36 [99  3  1]
37 [99  2  1]
38 [99  1  1]
39 [99  0  1]
40 [100   0   1]
41 [99  0  1]
42 [99 -1  1]
43 [99 -2  1]
44 [99 -3  1]
45 [98 -4  1]
46 [98 -5  1]
47 [97 -6  1]
48 [97 -7  1]
49 [96 -7  1]
50 [ 71 -17   1]
51 [ 70 -15   1]
52 [ 68 -13   1]
53 [ 67 -11   1]
54 [66 -9  1]
55 [65 -7  1]
56 [65 -4  1]
57 [65 -2  1]
58 [65  0  1]
59 [65  2  1]
60 [65  4  1]
61 [65  7  1]
62 [66  9  1]
63 [67 11  1]
64 [68 13  1]
65 [70 15  1]
66 [71 17  1]
67 [73 19  1]
68 [75 20  1]
69 [77 21  1]
70 [79 22  1]
71 [82 23  1]
72 [84 24  1]
73 [87 24  1]
74 [90 25  1]
75 [92 24  1]
76 [95 24  1]
77 [97 23  1]
78 [100  22   1]
79 [102  21   1]
80 [104  20   1]
81 [106  19   1]
82 [108  17   1]
83 [109  15   1]
84 [111  13   1]
85 [112  11   1]
86 [113   9   1]
87 [114   7   1]
88 [114   4   1]
89 [114   2   1]
90 [115   0   1]
91 [114  -2   1]
92 [114  -4   1]
93 [114  -7   1]
94 [113  -9   1]
95 [112 -11   1]
96 [111 -13   1]
97 [109 -15   1]
98 [108 -17   1]
99 [106 -19   1]
100 [ 63 -23   1]
101 [ 61 -21   1]
102 [ 59 -18   1]
103 [ 58 -15   1]
104 [ 57 -12   1]
105 [56 -9  1]
106 [55 -6  1]
107 [55 -3  1]
108 [55  0  1]
109 [55  3  1]
110 [55  6  1]
111 [56  9  1]
112 [57 12  1]
113 [58 15  1]
114 [59 18  1]
115 [61 21  1]
116 [63 23  1]
117 [66 26  1]
118 [68 28  1]
119 [71 30  1]
120 [74 31  1]
121 [78 33  1]
122 [82 34  1]
123 [86 34  1]
124 [90 35  1]
125 [93 34  1]
126 [97 34  1]
127 [101  33   1]
128 [105  31   1]
129 [108  30   1]
130 [111  28   1]
131 [113  26   1]
132 [116  23   1]
133 [118  21   1]
134 [120  18   1]
135 [121  15   1]
136 [122  12   1]
137 [123   9   1]
138 [124   6   1]
139 [124   3   1]
140 [125   0   1]
141 [124  -3   1]
142 [124  -6   1]
143 [123  -9   1]
144 [122 -12   1]
145 [121 -15   1]
146 [120 -18   1]
147 [118 -21   1]
148 [116 -23   1]
149 [113 -26   1]
150 [ 54 -30   1]
151 [ 52 -26   1]
152 [ 50 -23   1]
153 [ 48 -19   1]
154 [ 47 -15   1]
155 [ 46 -11   1]
156 [45 -7  1]
157 [45 -3  1]
158 [45  0  1]
159 [45  3  1]
160 [45  7  1]
161 [46 11  1]
162 [47 15  1]
163 [48 19  1]
164 [50 23  1]
165 [52 26  1]
166 [54 29  1]
167 [57 33  1]
168 [60 36  1]
169 [64 38  1]
170 [69 40  1]
171 [73 42  1]
172 [78 43  1]
173 [84 44  1]
174 [90 44  1]
175 [95 44  1]
176 [101  43   1]
177 [106  42   1]
178 [110  40   1]
179 [115  38   1]
180 [119  36   1]
181 [122  33   1]
182 [125  29   1]
183 [127  26   1]
184 [129  23   1]
185 [131  19   1]
186 [132  15   1]
187 [133  11   1]
188 [134   7   1]
189 [134   3   1]
190 [135   0   1]
191 [134  -3   1]
192 [134  -7   1]
193 [133 -11   1]
194 [132 -15   1]
195 [131 -19   1]
196 [129 -23   1]
197 [127 -26   1]
198 [125 -29   1]
199 [122 -33   1]
200 [ 49 -32   1]
201 [ 47 -29   1]
202 [ 45 -25   1]
203 [ 43 -21   1]
204 [ 42 -17   1]
205 [ 41 -12   1]
206 [40 -8  1]
207 [40 -4  1]
208 [40  0  1]
209 [40  4  1]
210 [40  8  1]
211 [41 12  1]
212 [42 17  1]
213 [43 21  1]
214 [45 25  1]
215 [47 29  1]
216 [49 32  1]
217 [52 36  1]
218 [56 39  1]
219 [60 42  1]
220 [65 45  1]
221 [70 47  1]
222 [76 48  1]
223 [83 49  1]
224 [90 49  1]
225 [96 49  1]
226 [103  48   1]
227 [109  47   1]
228 [114  45   1]
229 [119  42   1]
230 [123  39   1]
231 [127  36   1]
232 [130  32   1]
233 [132  29   1]
234 [134  25   1]
235 [136  21   1]
236 [137  17   1]
237 [138  12   1]
238 [139   8   1]
239 [139   4   1]
240 [140   0   1]
241 [139  -4   1]
242 [139  -8   1]
243 [138 -12   1]
244 [137 -17   1]
245 [136 -21   1]
246 [134 -25   1]
247 [132 -29   1]
248 [130 -32   1]
249 [127 -36   1]
250 [ 44 -35   1]
251 [ 42 -31   1]
252 [ 40 -27   1]
253 [ 38 -22   1]
254 [ 37 -18   1]
255 [ 36 -13   1]
256 [35 -9  1]
257 [35 -4  1]
258 [35  0  1]
259 [35  4  1]
260 [35  9  1]
261 [36 13  1]
262 [37 18  1]
263 [38 22  1]
264 [40 27  1]
265 [42 31  1]
266 [44 35  1]
267 [47 39  1]
268 [51 42  1]
269 [56 46  1]
270 [61 49  1]
271 [67 51  1]
272 [74 53  1]
273 [82 54  1]
274 [90 54  1]
275 [97 54  1]
276 [105  53   1]
277 [112  51   1]
278 [118  49   1]
279 [123  46   1]
280 [128  42   1]
281 [132  39   1]
282 [135  35   1]
283 [137  31   1]
284 [139  27   1]
285 [141  22   1]
286 [142  18   1]
287 [143  13   1]
288 [144   9   1]
289 [144   4   1]
290 [145   0   1]
291 [144  -4   1]
292 [144  -9   1]
293 [143 -13   1]
294 [142 -18   1]
295 [141 -22   1]
296 [139 -27   1]
297 [137 -31   1]
298 [135 -35   1]
299 [132 -39   1]
300 [ 39 -37   1]
301 [ 36 -33   1]
302 [ 34 -28   1]
303 [ 33 -24   1]
304 [ 32 -19   1]
305 [ 31 -14   1]
306 [30 -9  1]
307 [30 -4  1]
308 [30  0  1]
309 [30  4  1]
310 [30  9  1]
311 [31 14  1]
312 [32 19  1]
313 [33 24  1]
314 [34 28  1]
315 [36 33  1]
316 [39 37  1]
317 [42 42  1]
318 [46 46  1]
319 [50 49  1]
320 [56 53  1]
321 [63 55  1]
322 [71 58  1]
323 [80 59  1]
324 [90 59  1]
325 [99 59  1]
326 [108  58   1]
327 [116  55   1]
328 [123  53   1]
329 [129  49   1]
330 [133  46   1]
331 [137  42   1]
332 [140  37   1]
333 [143  33   1]
334 [145  28   1]
335 [146  24   1]
336 [147  19   1]
337 [148  14   1]
338 [149   9   1]
339 [149   4   1]
340 [150   0   1]
341 [149  -4   1]
342 [149  -9   1]
343 [148 -14   1]
344 [147 -19   1]
345 [146 -24   1]
346 [145 -28   1]
347 [143 -33   1]
348 [140 -37   1]
349 [137 -42   1]
350 [ 33 -39   1]
351 [ 31 -35   1]
352 [ 29 -30   1]
353 [ 27 -25   1]
354 [ 26 -20   1]
355 [ 25 -15   1]
356 [ 25 -10   1]
357 [25 -5  1]
358 [25  0  1]
359 [25  5  1]
360 [25 10  1]
361 [25 15  1]
362 [26 20  1]
363 [27 25  1]
364 [29 30  1]
365 [31 35  1]
366 [33 39  1]
367 [36 44  1]
368 [40 48  1]
369 [44 53  1]
370 [50 56  1]
371 [58 60  1]
372 [67 62  1]
373 [78 64  1]
374 [89 64  1]
375 [101  64   1]
376 [112  62   1]
377 [121  60   1]
378 [129  56   1]
379 [135  53   1]
380 [139  48   1]
381 [143  44   1]
382 [146  39   1]
383 [148  35   1]
384 [150  30   1]
385 [152  25   1]
386 [153  20   1]
387 [154  15   1]
388 [154  10   1]
389 [154   5   1]
390 [155   0   1]
391 [154  -5   1]
392 [154 -10   1]
393 [154 -15   1]
394 [153 -20   1]
395 [152 -25   1]
396 [150 -30   1]
397 [148 -35   1]
398 [146 -39   1]
399 [143 -44   1]
400 [ 27 -41   1]
401 [ 25 -36   1]
402 [ 23 -31   1]
403 [ 22 -26   1]
404 [ 21 -21   1]
405 [ 20 -15   1]
406 [ 20 -10   1]
407 [20 -5  1]
408 [20  0  1]
409 [20  5  1]
410 [20 10  1]
411 [20 15  1]
412 [21 21  1]
413 [22 26  1]
414 [23 31  1]
415 [25 36  1]
416 [27 41  1]
417 [29 46  1]
418 [33 51  1]
419 [37 55  1]
420 [43 60  1]
421 [51 64  1]
422 [61 67  1]
423 [74 69  1]
424 [90 70  1]
425 [105  69   1]
426 [118  67   1]
427 [128  64   1]
428 [136  60   1]
429 [142  55   1]
430 [146  51   1]
431 [150  46   1]
432 [152  41   1]
433 [154  36   1]
434 [156  31   1]
435 [157  26   1]
436 [158  21   1]
437 [159  15   1]
438 [159  10   1]
439 [159   5   1]
440 [160   0   1]
441 [159  -5   1]
442 [159 -10   1]
443 [159 -15   1]
444 [158 -21   1]
445 [157 -26   1]
446 [156 -31   1]
447 [154 -36   1]
448 [152 -41   1]
449 [150 -46   1]
450 [ 20 -43   1]
451 [ 19 -37   1]
452 [ 17 -32   1]
453 [ 16 -27   1]
454 [ 16 -21   1]
455 [ 15 -16   1]
456 [ 15 -10   1]
457 [15 -5  1]
458 [15  0  1]
459 [15  5  1]
460 [15 10  1]
461 [15 16  1]
462 [16 21  1]
463 [16 27  1]
464 [17 32  1]
465 [19 37  1]
466 [20 43  1]
467 [22 48  1]
468 [25 53  1]
469 [29 58  1]
470 [34 63  1]
471 [42 67  1]
472 [53 71  1]
473 [69 74  1]
474 [90 75  1]
475 [110  74   1]
476 [126  71   1]
477 [137  67   1]
478 [145  63   1]
479 [150  58   1]
480 [154  53   1]
481 [157  48   1]
482 [159  43   1]
483 [160  37   1]
484 [162  32   1]
485 [163  27   1]
486 [163  21   1]
487 [164  16   1]
488 [164  10   1]
489 [164   5   1]
490 [165   0   1]
491 [164  -5   1]
492 [164 -10   1]
493 [164 -16   1]
494 [163 -21   1]
495 [163 -27   1]
496 [162 -32   1]
497 [160 -37   1]
498 [159 -43   1]
499 [157 -48   1]
500 [ 14 -44   1]
501 [ 12 -38   1]
502 [ 11 -33   1]
503 [ 11 -27   1]
504 [ 10 -22   1]
505 [ 10 -16   1]
506 [ 10 -11   1]
507 [10 -5  1]
508 [10  0  1]
509 [10  5  1]
510 [10 11  1]
511 [10 16  1]
512 [10 22  1]
513 [11 27  1]
514 [11 33  1]
515 [12 38  1]
516 [14 44  1]
517 [15 49  1]
518 [17 54  1]
519 [20 60  1]
520 [24 65  1]
521 [31 70  1]
522 [42 74  1]
523 [60 78  1]
524 [89 79  1]
525 [119  78   1]
526 [137  74   1]
527 [148  70   1]
528 [155  65   1]
529 [159  60   1]
530 [162  54   1]
531 [164  49   1]
532 [165  44   1]
533 [167  38   1]
534 [168  33   1]
535 [168  27   1]
536 [169  22   1]
537 [169  16   1]
538 [169  11   1]
539 [169   5   1]
540 [170   0   1]
541 [169  -5   1]
542 [169 -11   1]
543 [169 -16   1]
544 [169 -22   1]
545 [168 -27   1]
546 [168 -33   1]
547 [167 -38   1]
548 [165 -44   1]
549 [164 -49   1]
550 [  7 -44   1]
551 [  6 -39   1]
552 [  6 -33   1]
553 [  5 -28   1]
554 [  5 -22   1]
555 [  5 -16   1]
556 [  5 -11   1]
557 [ 5 -5  1]
558 [5 0 1]
559 [5 5 1]
560 [ 5 11  1]
561 [ 5 16  1]
562 [ 5 22  1]
563 [ 5 28  1]
564 [ 6 33  1]
565 [ 6 39  1]
566 [ 7 44  1]
567 [ 7 50  1]
568 [ 8 55  1]
569 [10 61  1]
570 [12 66  1]
571 [16 72  1]
572 [24 77  1]
573 [41 82  1]
574 [90 85  1]
575 [138  82   1]
576 [155  77   1]
577 [163  72   1]
578 [167  66   1]
579 [169  61   1]
580 [171  55   1]
581 [172  50   1]
582 [172  44   1]
583 [173  39   1]
584 [173  33   1]
585 [174  28   1]
586 [174  22   1]
587 [174  16   1]
588 [174  11   1]
589 [174   5   1]
590 [175   0   1]
591 [174  -5   1]
592 [174 -11   1]
593 [174 -16   1]
594 [174 -22   1]
595 [174 -28   1]
596 [173 -33   1]
597 [173 -39   1]
598 [172 -44   1]
599 [172 -50   1]
600 [  0 -45   1]
601 [  0 -39   1]
602 [  0 -33   1]
603 [  0 -28   1]
604 [  0 -22   1]
605 [  0 -16   1]
606 [  0 -11   1]
607 [ 0 -5  1]
608 [0 0 1]
609 [0 5 1]
610 [ 0 11  1]
611 [ 0 16  1]
612 [ 0 22  1]
613 [ 0 28  1]
614 [ 0 33  1]
615 [ 0 39  1]
616 [ 0 44  1]
617 [ 0 50  1]
618 [ 0 56  1]
619 [ 0 61  1]
620 [ 0 67  1]
621 [ 0 73  1]
622 [ 0 78  1]
623 [ 0 84  1]
624 [ 0 90  1]
625 [180  84   1]
626 [180  78   1]
627 [180  73   1]
628 [180  67   1]
629 [180  61   1]
630 [180  56   1]
631 [180  50   1]
632 [180  45   1]
633 [180  39   1]
634 [180  33   1]
635 [180  28   1]
636 [180  22   1]
637 [180  16   1]
638 [180  11   1]
639 [180   5   1]
640 [180   0   1]
641 [180  -5   1]
642 [180 -11   1]
643 [180 -16   1]
644 [180 -22   1]
645 [180 -28   1]
646 [180 -33   1]
647 [180 -39   1]
648 [180 -44   1]
649 [180 -50   1]
650 [352 -44   1]
651 [353 -39   1]
652 [353 -33   1]
653 [354 -28   1]
654 [354 -22   1]
655 [354 -16   1]
656 [354 -11   1]
657 [354  -5   1]
658 [355   0   1]
659 [354   5   1]
660 [354  11   1]
661 [354  16   1]
662 [354  22   1]
663 [354  28   1]
664 [353  33   1]
665 [353  39   1]
666 [352  44   1]
667 [352  50   1]
668 [351  55   1]
669 [349  61   1]
670 [347  66   1]
671 [343  72   1]
672 [335  77   1]
673 [318  82   1]
674 [270  85   1]
675 [221  82   1]
676 [204  77   1]
677 [196  72   1]
678 [192  66   1]
679 [190  61   1]
680 [188  55   1]
681 [187  50   1]
682 [187  44   1]
683 [186  39   1]
684 [186  33   1]
685 [185  28   1]
686 [185  22   1]
687 [185  16   1]
688 [185  11   1]
689 [185   5   1]
690 [185   0   1]
691 [185  -5   1]
692 [185 -11   1]
693 [185 -16   1]
694 [185 -22   1]
695 [185 -28   1]
696 [186 -33   1]
697 [186 -39   1]
698 [187 -44   1]
699 [187 -50   1]
700 [345 -44   1]
701 [347 -38   1]
702 [348 -33   1]
703 [348 -27   1]
704 [349 -22   1]
705 [349 -16   1]
706 [349 -11   1]
707 [349  -5   1]
708 [350   0   1]
709 [349   5   1]
710 [349  11   1]
711 [349  16   1]
712 [349  22   1]
713 [348  27   1]
714 [348  33   1]
715 [347  38   1]
716 [345  44   1]
717 [344  49   1]
718 [342  54   1]
719 [339  60   1]
720 [335  65   1]
721 [328  70   1]
722 [317  74   1]
723 [299  78   1]
724 [270  79   1]
725 [240  78   1]
726 [222  74   1]
727 [211  70   1]
728 [204  65   1]
729 [200  60   1]
730 [197  54   1]
731 [195  49   1]
732 [194  44   1]
733 [192  38   1]
734 [191  33   1]
735 [191  27   1]
736 [190  22   1]
737 [190  16   1]
738 [190  11   1]
739 [190   5   1]
740 [190   0   1]
741 [190  -5   1]
742 [190 -11   1]
743 [190 -16   1]
744 [190 -22   1]
745 [191 -27   1]
746 [191 -33   1]
747 [192 -38   1]
748 [194 -44   1]
749 [195 -49   1]
750 [339 -43   1]
751 [340 -37   1]
752 [342 -32   1]
753 [343 -27   1]
754 [343 -21   1]
755 [344 -16   1]
756 [344 -10   1]
757 [344  -5   1]
758 [345   0   1]
759 [344   5   1]
760 [344  10   1]
761 [344  16   1]
762 [343  21   1]
763 [343  27   1]
764 [342  32   1]
765 [340  37   1]
766 [339  43   1]
767 [337  48   1]
768 [334  53   1]
769 [330  58   1]
770 [325  63   1]
771 [317  67   1]
772 [306  71   1]
773 [290  74   1]
774 [270  75   1]
775 [249  74   1]
776 [233  71   1]
777 [222  67   1]
778 [214  63   1]
779 [209  58   1]
780 [205  53   1]
781 [202  48   1]
782 [200  43   1]
783 [199  37   1]
784 [197  32   1]
785 [196  27   1]
786 [196  21   1]
787 [195  16   1]
788 [195  10   1]
789 [195   5   1]
790 [195   0   1]
791 [195  -5   1]
792 [195 -10   1]
793 [195 -16   1]
794 [196 -21   1]
795 [196 -27   1]
796 [197 -32   1]
797 [199 -37   1]
798 [200 -43   1]
799 [202 -48   1]
800 [332 -41   1]
801 [334 -36   1]
802 [336 -31   1]
803 [337 -26   1]
804 [338 -21   1]
805 [339 -15   1]
806 [339 -10   1]
807 [339  -5   1]
808 [340   0   1]
809 [339   5   1]
810 [339  10   1]
811 [339  15   1]
812 [338  21   1]
813 [337  26   1]
814 [336  31   1]
815 [334  36   1]
816 [332  41   1]
817 [330  46   1]
818 [326  51   1]
819 [322  55   1]
820 [316  60   1]
821 [308  64   1]
822 [298  67   1]
823 [285  69   1]
824 [270  70   1]
825 [254  69   1]
826 [241  67   1]
827 [231  64   1]
828 [223  60   1]
829 [217  55   1]
830 [213  51   1]
831 [209  46   1]
832 [207  41   1]
833 [205  36   1]
834 [203  31   1]
835 [202  26   1]
836 [201  21   1]
837 [200  15   1]
838 [200  10   1]
839 [200   5   1]
840 [200   0   1]
841 [200  -5   1]
842 [200 -10   1]
843 [200 -15   1]
844 [201 -21   1]
845 [202 -26   1]
846 [203 -31   1]
847 [205 -36   1]
848 [207 -41   1]
849 [209 -46   1]
850 [326 -39   1]
851 [328 -35   1]
852 [330 -30   1]
853 [332 -25   1]
854 [333 -20   1]
855 [334 -15   1]
856 [334 -10   1]
857 [334  -5   1]
858 [335   0   1]
859 [334   5   1]
860 [334  10   1]
861 [334  15   1]
862 [333  20   1]
863 [332  25   1]
864 [330  30   1]
865 [328  35   1]
866 [326  39   1]
867 [323  44   1]
868 [319  48   1]
869 [315  53   1]
870 [309  56   1]
871 [301  60   1]
872 [292  62   1]
873 [281  64   1]
874 [270  65   1]
875 [258  64   1]
876 [247  62   1]
877 [238  60   1]
878 [230  56   1]
879 [224  53   1]
880 [220  48   1]
881 [216  44   1]
882 [213  39   1]
883 [211  35   1]
884 [209  30   1]
885 [207  25   1]
886 [206  20   1]
887 [205  15   1]
888 [205  10   1]
889 [205   5   1]
890 [205   0   1]
891 [205  -5   1]
892 [205 -10   1]
893 [205 -15   1]
894 [206 -20   1]
895 [207 -25   1]
896 [209 -30   1]
897 [211 -35   1]
898 [213 -39   1]
899 [216 -44   1]
900 [320 -37   1]
901 [323 -33   1]
902 [325 -28   1]
903 [326 -24   1]
904 [327 -19   1]
905 [328 -14   1]
906 [329  -9   1]
907 [329  -4   1]
908 [330   0   1]
909 [329   4   1]
910 [329   9   1]
911 [328  14   1]
912 [327  19   1]
913 [326  24   1]
914 [325  28   1]
915 [323  33   1]
916 [320  37   1]
917 [317  42   1]
918 [313  46   1]
919 [309  49   1]
920 [303  53   1]
921 [296  55   1]
922 [288  58   1]
923 [279  59   1]
924 [270  60   1]
925 [260  59   1]
926 [251  58   1]
927 [243  55   1]
928 [236  53   1]
929 [230  49   1]
930 [226  46   1]
931 [222  42   1]
932 [219  37   1]
933 [216  33   1]
934 [214  28   1]
935 [213  24   1]
936 [212  19   1]
937 [211  14   1]
938 [210   9   1]
939 [210   4   1]
940 [210   0   1]
941 [210  -4   1]
942 [210  -9   1]
943 [211 -14   1]
944 [212 -19   1]
945 [213 -24   1]
946 [214 -28   1]
947 [216 -33   1]
948 [219 -37   1]
949 [222 -42   1]
950 [315 -35   1]
951 [317 -31   1]
952 [319 -27   1]
953 [321 -22   1]
954 [322 -18   1]
955 [323 -13   1]
956 [324  -9   1]
957 [324  -4   1]
958 [325   0   1]
959 [324   4   1]
960 [324   9   1]
961 [323  13   1]
962 [322  18   1]
963 [321  22   1]
964 [319  27   1]
965 [317  31   1]
966 [315  35   1]
967 [312  39   1]
968 [308  42   1]
969 [303  46   1]
970 [298  49   1]
971 [292  51   1]
972 [285  53   1]
973 [277  54   1]
974 [270  55   1]
975 [262  54   1]
976 [254  53   1]
977 [247  51   1]
978 [241  49   1]
979 [236  46   1]
980 [231  42   1]
981 [227  39   1]
982 [224  35   1]
983 [222  31   1]
984 [220  27   1]
985 [218  22   1]
986 [217  18   1]
987 [216  13   1]
988 [215   9   1]
989 [215   4   1]
990 [215   0   1]
991 [215  -4   1]
992 [215  -9   1]
993 [216 -13   1]
994 [217 -18   1]
995 [218 -22   1]
996 [220 -27   1]
997 [222 -31   1]
998 [224 -35   1]
999 [227 -39   1]
1000 [310 -32   1]
1001 [312 -29   1]
1002 [314 -25   1]
1003 [316 -21   1]
1004 [317 -17   1]
1005 [318 -12   1]
1006 [319  -8   1]
1007 [319  -4   1]
1008 [320   0   1]
1009 [319   4   1]
1010 [319   8   1]
1011 [318  12   1]
1012 [317  17   1]
1013 [316  21   1]
1014 [314  25   1]
1015 [312  29   1]
1016 [310  32   1]
1017 [307  36   1]
1018 [303  39   1]
1019 [299  42   1]
1020 [294  45   1]
1021 [289  47   1]
1022 [283  48   1]
1023 [276  49   1]
1024 [270  50   1]
1025 [263  49   1]
1026 [256  48   1]
1027 [250  47   1]
1028 [245  45   1]
1029 [240  42   1]
1030 [236  39   1]
1031 [232  36   1]
1032 [229  32   1]
1033 [227  29   1]
1034 [225  25   1]
1035 [223  21   1]
1036 [222  17   1]
1037 [221  12   1]
1038 [220   8   1]
1039 [220   4   1]
1040 [220   0   1]
1041 [220  -4   1]
1042 [220  -8   1]
1043 [221 -12   1]
1044 [222 -17   1]
1045 [223 -21   1]
1046 [225 -25   1]
1047 [227 -29   1]
1048 [229 -32   1]
1049 [232 -36   1]
1050 [305 -30   1]
1051 [307 -26   1]
1052 [309 -23   1]
1053 [311 -19   1]
1054 [312 -15   1]
1055 [313 -11   1]
1056 [314  -7   1]
1057 [314  -3   1]
1058 [315   0   1]
1059 [314   3   1]
1060 [314   7   1]
1061 [313  11   1]
1062 [312  15   1]
1063 [311  19   1]
1064 [309  23   1]
1065 [307  26   1]
1066 [305  30   1]
1067 [302  33   1]
1068 [299  36   1]
1069 [295  38   1]
1070 [290  40   1]
1071 [286  42   1]
1072 [281  43   1]
1073 [275  44   1]
1074 [270  45   1]
1075 [264  44   1]
1076 [258  43   1]
1077 [253  42   1]
1078 [249  40   1]
1079 [244  38   1]
1080 [240  36   1]
1081 [237  33   1]
1082 [234  30   1]
1083 [232  26   1]
1084 [230  23   1]
1085 [228  19   1]
1086 [227  15   1]
1087 [226  11   1]
1088 [225   7   1]
1089 [225   3   1]
1090 [225   0   1]
1091 [225  -3   1]
1092 [225  -7   1]
1093 [226 -11   1]
1094 [227 -15   1]
1095 [228 -19   1]
1096 [230 -23   1]
1097 [232 -26   1]
1098 [234 -30   1]
1099 [237 -33   1]
1100 [296 -23   1]
1101 [298 -21   1]
1102 [300 -18   1]
1103 [301 -15   1]
1104 [302 -12   1]
1105 [303  -9   1]
1106 [304  -6   1]
1107 [304  -3   1]
1108 [305   0   1]
1109 [304   3   1]
1110 [304   6   1]
1111 [303   9   1]
1112 [302  12   1]
1113 [301  15   1]
1114 [300  18   1]
1115 [298  21   1]
1116 [296  23   1]
1117 [293  26   1]
1118 [291  28   1]
1119 [288  30   1]
1120 [285  31   1]
1121 [281  33   1]
1122 [277  34   1]
1123 [273  34   1]
1124 [270  35   1]
1125 [266  34   1]
1126 [262  34   1]
1127 [258  33   1]
1128 [254  31   1]
1129 [251  30   1]
1130 [248  28   1]
1131 [246  26   1]
1132 [243  23   1]
1133 [241  21   1]
1134 [239  18   1]
1135 [238  15   1]
1136 [237  12   1]
1137 [236   9   1]
1138 [235   6   1]
1139 [235   3   1]
1140 [235   0   1]
1141 [235  -3   1]
1142 [235  -6   1]
1143 [236  -9   1]
1144 [237 -12   1]
1145 [238 -15   1]
1146 [239 -18   1]
1147 [241 -21   1]
1148 [243 -23   1]
1149 [246 -26   1]
1150 [288 -17   1]
1151 [289 -15   1]
1152 [291 -13   1]
1153 [292 -11   1]
1154 [293  -9   1]
1155 [294  -7   1]
1156 [294  -4   1]
1157 [294  -2   1]
1158 [295   0   1]
1159 [294   2   1]
1160 [294   4   1]
1161 [294   7   1]
1162 [293   9   1]
1163 [292  11   1]
1164 [291  13   1]
1165 [289  15   1]
1166 [288  17   1]
1167 [286  19   1]
1168 [284  20   1]
1169 [282  21   1]
1170 [280  22   1]
1171 [277  23   1]
1172 [275  24   1]
1173 [272  24   1]
1174 [270  25   1]
1175 [267  24   1]
1176 [264  24   1]
1177 [262  23   1]
1178 [259  22   1]
1179 [257  21   1]
1180 [255  20   1]
1181 [253  19   1]
1182 [251  17   1]
1183 [250  15   1]
1184 [248  13   1]
1185 [247  11   1]
1186 [246   9   1]
1187 [245   7   1]
1188 [245   4   1]
1189 [245   2   1]
1190 [245   0   1]
1191 [245  -2   1]
1192 [245  -4   1]
1193 [245  -7   1]
1194 [246  -9   1]
1195 [247 -11   1]
1196 [248 -13   1]
1197 [250 -15   1]
1198 [251 -17   1]
1199 [253 -19   1]
1200 [277  -7   1]
1201 [277  -6   1]
1202 [278  -5   1]
1203 [278  -4   1]
1204 [279  -3   1]
1205 [279  -2   1]
1206 [279  -1   1]
1207 [279   0   1]
1208 [280   0   1]
1209 [279   0   1]
1210 [279   1   1]
1211 [279   2   1]
1212 [279   3   1]
1213 [278   4   1]
1214 [278   5   1]
1215 [277   6   1]
1216 [277   7   1]
1217 [276   7   1]
1218 [275   8   1]
1219 [274   8   1]
1220 [273   9   1]
1221 [272   9   1]
1222 [271   9   1]
1223 [270   9   1]
1224 [270  10   1]
1225 [269   9   1]
1226 [268   9   1]
1227 [267   9   1]
1228 [266   9   1]
1229 [265   8   1]
1230 [264   8   1]
1231 [263   7   1]
1232 [262   7   1]
1233 [262   6   1]
1234 [261   5   1]
1235 [261   4   1]
1236 [260   3   1]
1237 [260   2   1]
1238 [260   1   1]
1239 [260   0   1]
1240 [260   0   1]
1241 [260   0   1]
1242 [260  -1   1]
1243 [260  -2   1]
1244 [260  -3   1]
1245 [261  -4   1]
1246 [261  -5   1]
1247 [262  -6   1]
1248 [262  -7   1]
1249 [263  -7   1]
