0 [ 82.89292389  -7.05302213   1.        ]
1 [ 82.23826733  -6.3246103    1.        ]
2 [ 81.65925731  -5.53614961   1.        ]
3 [ 81.16092896  -4.69532475   1.        ]
4 [ 80.74751363  -3.81024302   1.        ]
5 [ 80.42244614  -2.88935605   1.        ]
6 [ 80.18837727  -1.9413851    1.        ]
7 [ 80.04718764  -0.97524978   1.        ]
8 [ 80.   0.   1.]
9 [ 80.04718764   0.97524978   1.        ]
10 [ 80.18837727   1.9413851    1.        ]
11 [ 80.42244614   2.88935605   1.        ]
12 [ 80.74751363   3.81024302   1.        ]
13 [ 81.16092896   4.69532475   1.        ]
14 [ 81.65925731   5.53614961   1.        ]
15 [ 82.23826733   6.3246103    1.        ]
16 [ 82.89292389   7.05302213   1.        ]
17 [ 83.61738993   7.71420423   1.        ]
18 [ 84.40504148   8.30156232   1.        ]
19 [ 85.24849941   8.80917136   1.        ]
20 [ 86.13968079   9.23185567   1.        ]
21 [ 87.06987144   9.56526382   1.        ]
22 [ 88.02981998   9.80593527   1.        ]
23 [ 89.00985182   9.95135593   1.        ]
24 [ 90.  10.   1.]
25 [ 90.99014818   9.95135593   1.        ]
26 [ 91.97018002   9.80593527   1.        ]
27 [ 92.93012856   9.56526382   1.        ]
28 [ 93.86031921   9.23185567   1.        ]
29 [ 94.75150059   8.80917136   1.        ]
30 [ 95.59495852   8.30156232   1.        ]
31 [ 96.38261007   7.71420423   1.        ]
32 [ 97.10707611   7.05302213   1.        ]
33 [ 97.76173267   6.3246103    1.        ]
34 [ 98.34074269   5.53614961   1.        ]
35 [ 98.83907104   4.69532475   1.        ]
36 [ 99.25248637   3.81024302   1.        ]
37 [ 99.57755386   2.88935605   1.        ]
38 [ 99.81162273   1.9413851    1.        ]
39 [ 99.95281236   0.97524978   1.        ]
40 [  1.00000000e+02   1.21843878e-15   1.00000000e+00]
41 [ 99.95281236  -0.97524978   1.        ]
42 [ 99.81162273  -1.9413851    1.        ]
43 [ 99.57755386  -2.88935605   1.        ]
44 [ 99.25248637  -3.81024302   1.        ]
45 [ 98.83907104  -4.69532475   1.        ]
46 [ 98.34074269  -5.53614961   1.        ]
47 [ 97.76173267  -6.3246103    1.        ]
48 [ 97.10707611  -7.05302213   1.        ]
49 [ 96.38261007  -7.71420423   1.        ]
50 [ 71.75109762 -17.38771833   1.        ]
51 [ 70.17775966 -15.55160497   1.        ]
52 [ 68.80765961 -13.57948753   1.        ]
53 [ 67.64524944 -11.49140131   1.        ]
54 [ 66.69303765  -9.30726823   1.        ]
55 [ 65.95220445  -7.0467756    1.        ]
56 [ 65.42312215  -4.72933294   1.        ]
57 [ 65.1057647   -2.37409012   1.        ]
58 [ 65.   0.   1.]
59 [ 65.1057647    2.37409012   1.        ]
60 [ 65.42312215   4.72933294   1.        ]
61 [ 65.95220445   7.0467756    1.        ]
62 [ 66.69303765   9.30726823   1.        ]
63 [ 67.64524944  11.49140131   1.        ]
64 [ 68.80765961  13.57948753   1.        ]
65 [ 70.17775966  15.55160497   1.        ]
66 [ 71.75109762  17.38771833   1.        ]
67 [ 73.52060028  19.06789362   1.        ]
68 [ 75.47588582  20.57261693   1.        ]
69 [ 77.60264259  21.88321982   1.        ]
70 [ 79.88216994  22.98240067   1.        ]
71 [ 82.29118517  23.85481536   1.        ]
72 [ 84.80198991  24.48769267   1.        ]
73 [ 87.3830522  24.8714153   1.       ]
74 [ 90.  25.   1.]
75 [ 92.6169478  24.8714153   1.       ]
76 [ 95.19801009  24.48769267   1.        ]
77 [ 97.70881483  23.85481536   1.        ]
78 [ 100.11783006   22.98240067    1.        ]
79 [ 102.39735741   21.88321982    1.        ]
80 [ 104.52411418   20.57261693    1.        ]
81 [ 106.47939972   19.06789362    1.        ]
82 [ 108.24890238   17.38771833    1.        ]
83 [ 109.82224034   15.55160497    1.        ]
84 [ 111.19234039   13.57948753    1.        ]
85 [ 112.35475056   11.49140131    1.        ]
86 [ 113.30696235    9.30726823    1.        ]
87 [ 114.04779555    7.0467756     1.        ]
88 [ 114.57687785    4.72933294    1.        ]
89 [ 114.8942353     2.37409012    1.        ]
90 [  1.15000000e+02   2.96538949e-15   1.00000000e+00]
91 [ 114.8942353    -2.37409012    1.        ]
92 [ 114.57687785   -4.72933294    1.        ]
93 [ 114.04779555   -7.0467756     1.        ]
94 [ 113.30696235   -9.30726823    1.        ]
95 [ 112.35475056  -11.49140131    1.        ]
96 [ 111.19234039  -13.57948753    1.        ]
97 [ 109.82224034  -15.55160497    1.        ]
98 [ 108.24890238  -17.38771833    1.        ]
99 [ 106.47939972  -19.06789362    1.        ]
100 [ 63.65899893 -23.92746472   1.        ]
101 [ 61.57474588 -21.33824406   1.        ]
102 [ 59.79198059 -18.58202727   1.        ]
103 [ 58.30351186 -15.68700293   1.        ]
104 [ 57.10087244 -12.67956155   1.        ]
105 [ 56.17566727  -9.5844098    1.        ]
106 [ 55.52054064  -6.4248084    1.        ]
107 [ 55.12983363  -3.22288648   1.        ]
108 [ 55.   0.   1.]
109 [ 55.12983363   3.22288648   1.        ]
110 [ 55.52054064   6.4248084    1.        ]
111 [ 56.17566727   9.5844098    1.        ]
112 [ 57.10087244  12.67956155   1.        ]
113 [ 58.30351186  15.68700293   1.        ]
114 [ 59.79198059  18.58202727   1.        ]
115 [ 61.57474588  21.33824406   1.        ]
116 [ 63.65899893  23.92746472   1.        ]
117 [ 66.04887446  26.31977528   1.        ]
118 [ 68.74324495  28.48387273   1.        ]
119 [ 71.73320662  30.38774411   1.        ]
120 [ 74.99953857  31.9997477    1.        ]
121 [ 78.51060686  33.29010239   1.        ]
122 [ 82.22133009  34.23270042   1.        ]
123 [ 86.07381346  34.8070435    1.        ]
124 [ 90.  35.   1.]
125 [ 93.92618654  34.8070435    1.        ]
126 [ 97.77866991  34.23270042   1.        ]
127 [ 101.48939314   33.29010239    1.        ]
128 [ 105.00046143   31.9997477     1.        ]
129 [ 108.26679338   30.38774411    1.        ]
130 [ 111.25675505   28.48387273    1.        ]
131 [ 113.95112554   26.31977528    1.        ]
132 [ 116.34100107   23.92746472    1.        ]
133 [ 118.42525412   21.33824406    1.        ]
134 [ 120.20801941   18.58202727    1.        ]
135 [ 121.69648814   15.68700293    1.        ]
136 [ 122.89912756   12.67956155    1.        ]
137 [ 123.82433273    9.5844098     1.        ]
138 [ 124.47945936    6.4248084     1.        ]
139 [ 124.87016637    3.22288648    1.        ]
140 [  1.25000000e+02   4.02461911e-15   1.00000000e+00]
141 [ 124.87016637   -3.22288648    1.        ]
142 [ 124.47945936   -6.4248084     1.        ]
143 [ 123.82433273   -9.5844098     1.        ]
144 [ 122.89912756  -12.67956155    1.        ]
145 [ 121.69648814  -15.68700293    1.        ]
146 [ 120.20801941  -18.58202727    1.        ]
147 [ 118.42525412  -21.33824406    1.        ]
148 [ 116.34100107  -23.92746472    1.        ]
149 [ 113.95112554  -26.31977528    1.        ]
150 [ 54.73561032 -30.           1.        ]
151 [ 52.2956019  -26.65285784   1.        ]
152 [ 50.25750638 -23.1317943    1.        ]
153 [ 48.5902438  -19.47088614   1.        ]
154 [ 47.2657904 -15.6998574   1.       ]
155 [ 46.26050802 -11.84485215   1.        ]
156 [ 45.55578352  -7.92922094   1.        ]
157 [ 45.13828008  -3.97427558   1.        ]
158 [ 45.   0.   1.]
159 [ 45.13828008   3.97427558   1.        ]
160 [ 45.55578352   7.92922094   1.        ]
161 [ 46.26050802  11.84485215   1.        ]
162 [ 47.2657904  15.6998574   1.       ]
163 [ 48.5902438   19.47088614   1.        ]
164 [ 50.25750638  23.1317943    1.        ]
165 [ 52.2956019   26.65285784   1.        ]
166 [ 54.73561032  30.           1.        ]
167 [ 57.60923259  33.13413386   1.        ]
168 [ 60.94475329  36.01080448   1.        ]
169 [ 64.76096308  38.58042143   1.        ]
170 [ 69.05897953  40.78947094   1.        ]
171 [ 73.81279665  42.58311401   1.        ]
172 [ 78.96080558  43.90939121   1.        ]
173 [ 84.40191345  44.72476518   1.        ]
174 [ 90.  45.   1.]
175 [ 95.59808655  44.72476518   1.        ]
176 [ 101.03919442   43.90939121    1.        ]
177 [ 106.18720335   42.58311401    1.        ]
178 [ 110.94102047   40.78947094    1.        ]
179 [ 115.23903692   38.58042143    1.        ]
180 [ 119.05524671   36.01080448    1.        ]
181 [ 122.39076741   33.13413386    1.        ]
182 [ 125.26438968   30.            1.        ]
183 [ 127.7043981    26.65285784    1.        ]
184 [ 129.74249362   23.1317943     1.        ]
185 [ 131.4097562    19.47088614    1.        ]
186 [ 132.7342096   15.6998574    1.       ]
187 [ 133.73949198   11.84485215    1.        ]
188 [ 134.44421648    7.92922094    1.        ]
189 [ 134.86171992    3.97427558    1.        ]
190 [  1.35000000e+02   4.96156273e-15   1.00000000e+00]
191 [ 134.86171992   -3.97427558    1.        ]
192 [ 134.44421648   -7.92922094    1.        ]
193 [ 133.73949198  -11.84485215    1.        ]
194 [ 132.7342096  -15.6998574    1.       ]
195 [ 131.4097562   -19.47088614    1.        ]
196 [ 129.74249362  -23.1317943     1.        ]
197 [ 127.7043981   -26.65285784    1.        ]
198 [ 125.26438968  -30.            1.        ]
199 [ 122.39076741  -33.13413386    1.        ]
200 [ 49.87925979 -32.79775133   1.        ]
201 [ 47.34755171 -29.07626991   1.        ]
202 [ 45.26168615 -25.18810853   1.        ]
203 [ 43.57468742 -21.16843285   1.        ]
204 [ 42.24682436 -17.04678721   1.        ]
205 [ 41.2461239  -12.84832939   1.        ]
206 [ 40.54826392  -8.59493043   1.        ]
207 [ 40.1362364   -4.30613412   1.        ]
208 [ 40.   0.   1.]
209 [ 40.1362364    4.30613412   1.        ]
210 [ 40.54826392   8.59493043   1.        ]
211 [ 41.2461239   12.84832939   1.        ]
212 [ 42.24682436  17.04678721   1.        ]
213 [ 43.57468742  21.16843285   1.        ]
214 [ 45.26168615  25.18810853   1.        ]
215 [ 47.34755171  29.07626991   1.        ]
216 [ 49.87925979  32.79775133   1.        ]
217 [ 52.90924381  36.3104644    1.        ]
218 [ 56.4913449  39.5642185   1.       ]
219 [ 60.67321239  42.50005255   1.        ]
220 [ 65.48396171  45.05074637   1.        ]
221 [ 70.91705068  47.14344299   1.        ]
222 [ 76.91128938  48.70529409   1.        ]
223 [ 83.33734415  49.67231626   1.        ]
224 [ 90.  50.   1.]
225 [ 96.66265585  49.67231626   1.        ]
226 [ 103.08871062   48.70529409    1.        ]
227 [ 109.08294932   47.14344299    1.        ]
228 [ 114.51603829   45.05074637    1.        ]
229 [ 119.32678761   42.50005255    1.        ]
230 [ 123.5086551   39.5642185    1.       ]
231 [ 127.09075619   36.3104644     1.        ]
232 [ 130.12074021   32.79775133    1.        ]
233 [ 132.65244829   29.07626991    1.        ]
234 [ 134.73831385   25.18810853    1.        ]
235 [ 136.42531258   21.16843285    1.        ]
236 [ 137.75317564   17.04678721    1.        ]
237 [ 138.7538761    12.84832939    1.        ]
238 [ 139.45173608    8.59493043    1.        ]
239 [ 139.8637636     4.30613412    1.        ]
240 [  1.40000000e+02   5.37511117e-15   1.00000000e+00]
241 [ 139.8637636    -4.30613412    1.        ]
242 [ 139.45173608   -8.59493043    1.        ]
243 [ 138.7538761   -12.84832939    1.        ]
244 [ 137.75317564  -17.04678721    1.        ]
245 [ 136.42531258  -21.16843285    1.        ]
246 [ 134.73831385  -25.18810853    1.        ]
247 [ 132.65244829  -29.07626991    1.        ]
248 [ 130.12074021  -32.79775133    1.        ]
249 [ 127.09075619  -36.3104644     1.        ]
250 [ 44.71911439 -35.39626014   1.        ]
251 [ 42.1708809  -31.30975324   1.        ]
252 [ 40.10181878 -27.07114287   1.        ]
253 [ 38.44806314 -22.71487898   1.        ]
254 [ 37.15845841 -18.26883073   1.        ]
255 [ 36.19349168 -13.75598095   1.        ]
256 [ 35.52400603  -9.19578895   1.        ]
257 [ 35.13004815  -4.60528922   1.        ]
258 [ 35.   0.   1.]
259 [ 35.13004815   4.60528922   1.        ]
260 [ 35.52400603   9.19578895   1.        ]
261 [ 36.19349168  13.75598095   1.        ]
262 [ 37.15845841  18.26883073   1.        ]
263 [ 38.44806314  22.71487898   1.        ]
264 [ 40.10181878  27.07114287   1.        ]
265 [ 42.1708809   31.30975324   1.        ]
266 [ 44.71911439  35.39626014   1.        ]
267 [ 47.82318626  39.28757857   1.        ]
268 [ 51.5702317   42.92966339   1.        ]
269 [ 56.05060163  46.25527356   1.        ]
270 [ 61.34213459  49.18270716   1.        ]
271 [ 67.48259588  51.61717636   1.        ]
272 [ 74.43121375  53.45719656   1.        ]
273 [ 82.03134583  54.60789441   1.        ]
274 [ 90.  55.   1.]
275 [ 97.96865417  54.60789441   1.        ]
276 [ 105.56878625   53.45719656    1.        ]
277 [ 112.51740412   51.61717636    1.        ]
278 [ 118.65786541   49.18270716    1.        ]
279 [ 123.94939837   46.25527356    1.        ]
280 [ 128.4297683    42.92966339    1.        ]
281 [ 132.17681374   39.28757857    1.        ]
282 [ 135.28088561   35.39626014    1.        ]
283 [ 137.8291191    31.30975324    1.        ]
284 [ 139.89818122   27.07114287    1.        ]
285 [ 141.55193686   22.71487898    1.        ]
286 [ 142.84154159   18.26883073    1.        ]
287 [ 143.80650832   13.75598095    1.        ]
288 [ 144.47599397    9.19578895    1.        ]
289 [ 144.86995185    4.60528922    1.        ]
290 [  1.45000000e+02   5.74775177e-15   1.00000000e+00]
291 [ 144.86995185   -4.60528922    1.        ]
292 [ 144.47599397   -9.19578895    1.        ]
293 [ 143.80650832  -13.75598095    1.        ]
294 [ 142.84154159  -18.26883073    1.        ]
295 [ 141.55193686  -22.71487898    1.        ]
296 [ 139.89818122  -27.07114287    1.        ]
297 [ 137.8291191   -31.30975324    1.        ]
298 [ 135.28088561  -35.39626014    1.        ]
299 [ 132.17681374  -39.28757857    1.        ]
300 [ 39.23152048 -37.76124391   1.        ]
301 [ 36.75551886 -33.3259082    1.        ]
302 [ 34.77507986 -28.75974877   1.        ]
303 [ 33.21078689 -24.09441945   1.        ]
304 [ 32.00206341 -19.35459615   1.        ]
305 [ 31.10381699 -14.56001163   1.        ]
306 [ 30.48367225  -9.72696002   1.        ]
307 [ 30.1198988   -4.86943113   1.        ]
308 [ 30.   0.   1.]
309 [ 30.1198988    4.86943113   1.        ]
310 [ 30.48367225   9.72696002   1.        ]
311 [ 31.10381699  14.56001163   1.        ]
312 [ 32.00206341  19.35459615   1.        ]
313 [ 33.21078689  24.09441945   1.        ]
314 [ 34.77507986  28.75974877   1.        ]
315 [ 36.75551886  33.3259082    1.        ]
316 [ 39.23152048  37.76124391   1.        ]
317 [ 42.30478208  42.02437443   1.        ]
318 [ 46.10135746  46.06057439   1.        ]
319 [ 50.768943    49.79735395   1.        ]
320 [ 56.46250201  53.13995312   1.        ]
321 [ 63.30730759  55.96897358   1.        ]
322 [ 71.32956248  58.14483805   1.        ]
323 [ 80.3647259   59.52553335   1.        ]
324 [ 90.  60.   1.]
325 [ 99.6352741   59.52553335   1.        ]
326 [ 108.67043752   58.14483805    1.        ]
327 [ 116.69269241   55.96897358    1.        ]
328 [ 123.53749799   53.13995312    1.        ]
329 [ 129.231057     49.79735395    1.        ]
330 [ 133.89864254   46.06057439    1.        ]
331 [ 137.69521792   42.02437443    1.        ]
332 [ 140.76847952   37.76124391    1.        ]
333 [ 143.24448114   33.3259082     1.        ]
334 [ 145.22492014   28.75974877    1.        ]
335 [ 146.78921311   24.09441945    1.        ]
336 [ 147.99793659   19.35459615    1.        ]
337 [ 148.89618301   14.56001163    1.        ]
338 [ 149.51632775    9.72696002    1.        ]
339 [ 149.8801012     4.86943113    1.        ]
340 [  1.50000000e+02   6.07664850e-15   1.00000000e+00]
341 [ 149.8801012    -4.86943113    1.        ]
342 [ 149.51632775   -9.72696002    1.        ]
343 [ 148.89618301  -14.56001163    1.        ]
344 [ 147.99793659  -19.35459615    1.        ]
345 [ 146.78921311  -24.09441945    1.        ]
346 [ 145.22492014  -28.75974877    1.        ]
347 [ 143.24448114  -33.3259082     1.        ]
348 [ 140.76847952  -37.76124391    1.        ]
349 [ 137.69521792  -42.02437443    1.        ]
350 [ 33.40319873 -39.85570743   1.        ]
351 [ 31.09988806 -35.09652104   1.        ]
352 [ 29.28473054 -30.23299859   1.        ]
353 [ 27.86723034 -25.29193079   1.        ]
354 [ 26.78134622 -20.29348323   1.        ]
355 [ 25.97952086 -15.25332861   1.        ]
356 [ 25.42843173 -10.18411549   1.        ]
357 [ 25.10609336  -5.09651412   1.        ]
358 [ 25.   0.   1.]
359 [ 25.10609336   5.09651412   1.        ]
360 [ 25.42843173  10.18411549   1.        ]
361 [ 25.97952086  15.25332861   1.        ]
362 [ 26.78134622  20.29348323   1.        ]
363 [ 27.86723034  25.29193079   1.        ]
364 [ 29.28473054  30.23299859   1.        ]
365 [ 31.09988806  35.09652104   1.        ]
366 [ 33.40319873  39.85570743   1.        ]
367 [ 36.3175631   44.47398908   1.        ]
368 [ 40.00779883  48.90034794   1.        ]
369 [ 44.68904927  53.06255685   1.        ]
370 [ 50.62539447  56.85810864   1.        ]
371 [ 58.09701358  60.14436526   1.        ]
372 [ 67.29690438  62.73451187   1.        ]
373 [ 78.129332    64.41474156   1.        ]
374 [ 89.99999915  65.           1.        ]
375 [ 101.870668     64.41474156    1.        ]
376 [ 112.70309562   62.73451187    1.        ]
377 [ 121.90298642   60.14436526    1.        ]
378 [ 129.37460553   56.85810864    1.        ]
379 [ 135.31095073   53.06255685    1.        ]
380 [ 139.99220117   48.90034794    1.        ]
381 [ 143.6824369    44.47398908    1.        ]
382 [ 146.59680127   39.85570743    1.        ]
383 [ 148.90011194   35.09652104    1.        ]
384 [ 150.71526946   30.23299859    1.        ]
385 [ 152.13276966   25.29193079    1.        ]
386 [ 153.21865378   20.29348323    1.        ]
387 [ 154.02047914   15.25332861    1.        ]
388 [ 154.57156827   10.18411549    1.        ]
389 [ 154.89390664    5.09651412    1.        ]
390 [  1.55000000e+02   6.35929828e-15   1.00000000e+00]
391 [ 154.89390664   -5.09651412    1.        ]
392 [ 154.57156827  -10.18411549    1.        ]
393 [ 154.02047914  -15.25332861    1.        ]
394 [ 153.21865378  -20.29348323    1.        ]
395 [ 152.13276966  -25.29193079    1.        ]
396 [ 150.71526946  -30.23299859    1.        ]
397 [ 148.90011194  -35.09652104    1.        ]
398 [ 146.59680127  -39.85570743    1.        ]
399 [ 143.6824369   -44.47398908    1.        ]
400 [ 27.23631348 -41.64114327   1.        ]
401 [ 25.21329581 -36.59356376   1.        ]
402 [ 23.64107618 -31.4708865    1.        ]
403 [ 22.42601338 -26.29340735   1.        ]
404 [ 21.50238407 -21.07592727   1.        ]
405 [ 20.82420636 -15.82966312   1.        ]
406 [ 20.35993194 -10.56348816   1.        ]
407 [ 20.08904946  -5.2847744    1.        ]
408 [ 20.   0.   1.]
409 [ 20.08904946   5.2847744    1.        ]
410 [ 20.35993194  10.56348816   1.        ]
411 [ 20.82420636  15.82966312   1.        ]
412 [ 21.50238407  21.07592727   1.        ]
413 [ 22.42601338  26.29340735   1.        ]
414 [ 23.64107618  31.4708865    1.        ]
415 [ 25.21329581  36.59356376   1.        ]
416 [ 27.23631348  41.64114327   1.        ]
417 [ 29.84417125  46.58478757   1.        ]
418 [ 33.22997521  51.38213061   1.        ]
419 [ 37.67209697  55.96900056   1.        ]
420 [ 43.56431046  60.24583944   1.        ]
421 [ 51.42586753  64.05700818   1.        ]
422 [ 61.80841325  67.16654004   1.        ]
423 [ 74.92781979  69.25526207   1.        ]
424 [ 90.  70.   1.]
425 [ 105.07218021   69.25526207    1.        ]
426 [ 118.19158675   67.16654004    1.        ]
427 [ 128.57413247   64.05700818    1.        ]
428 [ 136.43568954   60.24583944    1.        ]
429 [ 142.32790303   55.96900056    1.        ]
430 [ 146.77002479   51.38213061    1.        ]
431 [ 150.15582875   46.58478757    1.        ]
432 [ 152.76368652   41.64114327    1.        ]
433 [ 154.78670419   36.59356376    1.        ]
434 [ 156.35892382   31.4708865     1.        ]
435 [ 157.57398662   26.29340735    1.        ]
436 [ 158.49761593   21.07592727    1.        ]
437 [ 159.17579364   15.82966312    1.        ]
438 [ 159.64006806   10.56348816    1.        ]
439 [ 159.91095054    5.2847744     1.        ]
440 [  1.60000000e+02   6.59354995e-15   1.00000000e+00]
441 [ 159.91095054   -5.2847744     1.        ]
442 [ 159.64006806  -10.56348816    1.        ]
443 [ 159.17579364  -15.82966312    1.        ]
444 [ 158.49761593  -21.07592727    1.        ]
445 [ 157.57398662  -26.29340735    1.        ]
446 [ 156.35892382  -31.4708865     1.        ]
447 [ 154.78670419  -36.59356376    1.        ]
448 [ 152.76368652  -41.64114327    1.        ]
449 [ 150.15582875  -46.58478757    1.        ]
450 [ 20.75357098 -43.07951714   1.        ]
451 [ 19.11788916 -37.79055979   1.        ]
452 [ 17.86204217 -32.45517599   1.        ]
453 [ 16.90006098 -27.08644462   1.        ]
454 [ 16.17353926 -21.69365184   1.        ]
455 [ 15.64257394 -16.28368943   1.        ]
456 [ 15.28025264 -10.86192058   1.        ]
457 [ 15.06928495  -5.43274602   1.        ]
458 [ 15.   0.   1.]
459 [ 15.06928495   5.43274602   1.        ]
460 [ 15.28025264  10.86192058   1.        ]
461 [ 15.64257394  16.28368943   1.        ]
462 [ 16.17353926  21.69365184   1.        ]
463 [ 16.90006098  27.08644462   1.        ]
464 [ 17.86204217  32.45517599   1.        ]
465 [ 19.11788916  37.79055979   1.        ]
466 [ 20.75357098  43.07951714   1.        ]
467 [ 22.89777566  48.30280605   1.        ]
468 [ 25.74781828  53.43081016   1.        ]
469 [ 29.61456941  58.4157047    1.        ]
470 [ 34.99913282  63.17628236   1.        ]
471 [ 42.70876179  67.56804879   1.        ]
472 [ 53.94212417  71.32781865   1.        ]
473 [ 69.90723031  74.00268866   1.        ]
474 [ 90.  75.   1.]
475 [ 110.09276969   74.00268866    1.        ]
476 [ 126.05787583   71.32781865    1.        ]
477 [ 137.29123821   67.56804879    1.        ]
478 [ 145.00086718   63.17628236    1.        ]
479 [ 150.38543059   58.4157047     1.        ]
480 [ 154.25218172   53.43081016    1.        ]
481 [ 157.10222434   48.30280605    1.        ]
482 [ 159.24642902   43.07951714    1.        ]
483 [ 160.88211084   37.79055979    1.        ]
484 [ 162.13795783   32.45517599    1.        ]
485 [ 163.09993902   27.08644462    1.        ]
486 [ 163.82646074   21.69365184    1.        ]
487 [ 164.35742606   16.28368943    1.        ]
488 [ 164.71974736   10.86192058    1.        ]
489 [ 164.93071505    5.43274602    1.        ]
490 [  1.65000000e+02   6.77762073e-15   1.00000000e+00]
491 [ 164.93071505   -5.43274602    1.        ]
492 [ 164.71974736  -10.86192058    1.        ]
493 [ 164.35742606  -16.28368943    1.        ]
494 [ 163.82646074  -21.69365184    1.        ]
495 [ 163.09993902  -27.08644462    1.        ]
496 [ 162.13795783  -32.45517599    1.        ]
497 [ 160.88211084  -37.79055979    1.        ]
498 [ 159.24642902  -43.07951714    1.        ]
499 [ 157.10222434  -48.30280605    1.        ]
500 [ 14.00194217 -44.13602946   1.        ]
501 [ 12.84956142 -38.66423853   1.        ]
502 [ 11.9731412 -33.1703322   1.       ]
503 [ 11.30635474 -27.66073422   1.        ]
504 [ 10.80523787 -22.13991345   1.        ]
505 [ 10.44028378 -16.61113476   1.        ]
506 [ 10.19184316 -11.07690815   1.        ]
507 [ 10.04740216  -5.53927428   1.        ]
508 [ 10.   0.   1.]
509 [ 10.04740216   5.53927428   1.        ]
510 [ 10.19184316  11.07690815   1.        ]
511 [ 10.44028378  16.61113476   1.        ]
512 [ 10.80523787  22.13991345   1.        ]
513 [ 11.30635474  27.66073422   1.        ]
514 [ 11.9731412  33.1703322   1.       ]
515 [ 12.84956142  38.66423853   1.        ]
516 [ 14.00194217  44.13602946   1.        ]
517 [ 15.53305063  49.57599388   1.        ]
518 [ 17.6084066   54.96861381   1.        ]
519 [ 20.50841996  60.28744188   1.        ]
520 [ 24.73857742  65.48376461   1.        ]
521 [ 31.27565867  70.45897931   1.        ]
522 [ 42.10797772  74.99095332   1.        ]
523 [ 60.93106913  78.54057204   1.        ]
524 [ 89.99999915  80.           1.        ]
525 [ 119.06893087   78.54057204    1.        ]
526 [ 137.89202228   74.99095332    1.        ]
527 [ 148.72434133   70.45897931    1.        ]
528 [ 155.26142258   65.48376461    1.        ]
529 [ 159.49158004   60.28744188    1.        ]
530 [ 162.3915934    54.96861381    1.        ]
531 [ 164.46694937   49.57599388    1.        ]
532 [ 165.99805783   44.13602946    1.        ]
533 [ 167.15043858   38.66423853    1.        ]
534 [ 168.0268588   33.1703322    1.       ]
535 [ 168.69364526   27.66073422    1.        ]
536 [ 169.19476213   22.13991345    1.        ]
537 [ 169.55971622   16.61113476    1.        ]
538 [ 169.80815684   11.07690815    1.        ]
539 [ 169.95259784    5.53927428    1.        ]
540 [  1.70000000e+02   6.91010972e-15   1.00000000e+00]
541 [ 169.95259784   -5.53927428    1.        ]
542 [ 169.80815684  -11.07690815    1.        ]
543 [ 169.55971622  -16.61113476    1.        ]
544 [ 169.19476213  -22.13991345    1.        ]
545 [ 168.69364526  -27.66073422    1.        ]
546 [ 168.0268588  -33.1703322    1.       ]
547 [ 167.15043858  -38.66423853    1.        ]
548 [ 165.99805783  -44.13602946    1.        ]
549 [ 164.46694937  -49.57599388    1.        ]
550 [  7.05322666 -44.782385     1.        ]
551 [  6.45720974 -39.19629768   1.        ]
552 [  6.0066578  -33.60444191   1.        ]
553 [  5.66534019 -28.00852495   1.        ]
554 [  5.40960934 -22.40971938   1.        ]
555 [  5.22376802 -16.80887357   1.        ]
556 [  5.09744464 -11.20663485   1.        ]
557 [ 5.02406934 -5.60352654  1.        ]
558 [ 5.  0.  1.]
559 [ 5.02406934  5.60352654  1.        ]
560 [  5.09744464  11.20663485   1.        ]
561 [  5.22376802  16.80887357   1.        ]
562 [  5.40960934  22.40971938   1.        ]
563 [  5.66534019  28.00852495   1.        ]
564 [  6.0066578   33.60444191   1.        ]
565 [  6.45720974  39.19629768   1.        ]
566 [  7.05322666  44.782385     1.        ]
567 [  7.85208503  50.36007778   1.        ]
568 [  8.94918519  55.92507554   1.        ]
569 [ 10.51415234  61.4697763    1.        ]
570 [ 12.87758614  66.97933856   1.        ]
571 [ 16.77223893  72.42051829   1.        ]
572 [ 24.15394922  77.70202321   1.        ]
573 [ 41.7516336   82.47934753   1.        ]
574 [ 90.  85.   1.]
575 [ 138.2483664    82.47934753    1.        ]
576 [ 155.84605078   77.70202321    1.        ]
577 [ 163.22776107   72.42051829    1.        ]
578 [ 167.12241386   66.97933856    1.        ]
579 [ 169.48584766   61.4697763     1.        ]
580 [ 171.05081481   55.92507554    1.        ]
581 [ 172.14791497   50.36007778    1.        ]
582 [ 172.94677334   44.782385      1.        ]
583 [ 173.54279026   39.19629768    1.        ]
584 [ 173.9933422    33.60444191    1.        ]
585 [ 174.33465981   28.00852495    1.        ]
586 [ 174.59039066   22.40971938    1.        ]
587 [ 174.77623198   16.80887357    1.        ]
588 [ 174.90255536   11.20663485    1.        ]
589 [ 174.97593066    5.60352654    1.        ]
590 [  1.75000000e+02   6.99000860e-15   1.00000000e+00]
591 [ 174.97593066   -5.60352654    1.        ]
592 [ 174.90255536  -11.20663485    1.        ]
593 [ 174.77623198  -16.80887357    1.        ]
594 [ 174.59039066  -22.40971938    1.        ]
595 [ 174.33465981  -28.00852495    1.        ]
596 [ 173.9933422   -33.60444191    1.        ]
597 [ 173.54279026  -39.19629768    1.        ]
598 [ 172.94677334  -44.782385      1.        ]
599 [ 172.14791497  -50.36007778    1.        ]
600 [  0. -45.   1.]
601 [  0.    -39.375   1.   ]
602 [  0.   -33.75   1.  ]
603 [  0.    -28.125   1.   ]
604 [  0.  -22.5   1. ]
605 [  0.    -16.875   1.   ]
606 [  0.   -11.25   1.  ]
607 [ 0.    -5.625  1.   ]
608 [ 0.  0.  1.]
609 [ 0.     5.625  1.   ]
610 [  0.    11.25   1.  ]
611 [  0.     16.875   1.   ]
612 [  0.   22.5   1. ]
613 [  0.     28.125   1.   ]
614 [  0.    33.75   1.  ]
615 [  0.     39.375   1.   ]
616 [  0.  45.   1.]
617 [  0.     50.625   1.   ]
618 [  0.    56.25   1.  ]
619 [  0.     61.875   1.   ]
620 [  0.   67.5   1. ]
621 [  0.     73.125   1.   ]
622 [  0.    78.75   1.  ]
623 [  0.     84.375   1.   ]
624 [  0.  90.   1.]
625 [ 180.      84.375    1.   ]
626 [ 180.     78.75    1.  ]
627 [ 180.      73.125    1.   ]
628 [ 180.    67.5    1. ]
629 [ 180.      61.875    1.   ]
630 [ 180.     56.25    1.  ]
631 [ 180.      50.625    1.   ]
632 [ 180.   45.    1.]
633 [ 180.      39.375    1.   ]
634 [ 180.     33.75    1.  ]
635 [ 180.      28.125    1.   ]
636 [ 180.    22.5    1. ]
637 [ 180.      16.875    1.   ]
638 [ 180.     11.25    1.  ]
639 [ 180.       5.625    1.   ]
640 [  1.80000000e+02   7.01670930e-15   1.00000000e+00]
641 [ 180.      -5.625    1.   ]
642 [ 180.    -11.25    1.  ]
643 [ 180.     -16.875    1.   ]
644 [ 180.   -22.5    1. ]
645 [ 180.     -28.125    1.   ]
646 [ 180.    -33.75    1.  ]
647 [ 180.     -39.375    1.   ]
648 [ 180.  -45.    1.]
649 [ 180.     -50.625    1.   ]
650 [ 352.94677334  -44.782385      1.        ]
651 [ 353.54279026  -39.19629768    1.        ]
652 [ 353.9933422   -33.60444191    1.        ]
653 [ 354.33465981  -28.00852495    1.        ]
654 [ 354.59039066  -22.40971938    1.        ]
655 [ 354.77623198  -16.80887357    1.        ]
656 [ 354.90255536  -11.20663485    1.        ]
657 [ 354.97593066   -5.60352654    1.        ]
658 [ 355.    0.    1.]
659 [ 354.97593066    5.60352654    1.        ]
660 [ 354.90255536   11.20663485    1.        ]
661 [ 354.77623198   16.80887357    1.        ]
662 [ 354.59039066   22.40971938    1.        ]
663 [ 354.33465981   28.00852495    1.        ]
664 [ 353.9933422    33.60444191    1.        ]
665 [ 353.54279026   39.19629768    1.        ]
666 [ 352.94677334   44.782385      1.        ]
667 [ 352.14791497   50.36007778    1.        ]
668 [ 351.05081481   55.92507554    1.        ]
669 [ 349.48584766   61.4697763     1.        ]
670 [ 347.12241386   66.97933856    1.        ]
671 [ 343.22776107   72.42051829    1.        ]
672 [ 335.84605078   77.70202321    1.        ]
673 [ 318.2483664    82.47934753    1.        ]
674 [ 270.   85.    1.]
675 [ 221.7516336    82.47934753    1.        ]
676 [ 204.15394922   77.70202321    1.        ]
677 [ 196.77223893   72.42051829    1.        ]
678 [ 192.87758614   66.97933856    1.        ]
679 [ 190.51415234   61.4697763     1.        ]
680 [ 188.94918519   55.92507554    1.        ]
681 [ 187.85208503   50.36007778    1.        ]
682 [ 187.05322666   44.782385      1.        ]
683 [ 186.45720974   39.19629768    1.        ]
684 [ 186.0066578    33.60444191    1.        ]
685 [ 185.66534019   28.00852495    1.        ]
686 [ 185.40960934   22.40971938    1.        ]
687 [ 185.22376802   16.80887357    1.        ]
688 [ 185.09744464   11.20663485    1.        ]
689 [ 185.02406934    5.60352654    1.        ]
690 [  1.85000000e+02   6.99000860e-15   1.00000000e+00]
691 [ 185.02406934   -5.60352654    1.        ]
692 [ 185.09744464  -11.20663485    1.        ]
693 [ 185.22376802  -16.80887357    1.        ]
694 [ 185.40960934  -22.40971938    1.        ]
695 [ 185.66534019  -28.00852495    1.        ]
696 [ 186.0066578   -33.60444191    1.        ]
697 [ 186.45720974  -39.19629768    1.        ]
698 [ 187.05322666  -44.782385      1.        ]
699 [ 187.85208503  -50.36007778    1.        ]
700 [ 345.99805783  -44.13602946    1.        ]
701 [ 347.15043858  -38.66423853    1.        ]
702 [ 348.0268588  -33.1703322    1.       ]
703 [ 348.69364526  -27.66073422    1.        ]
704 [ 349.19476213  -22.13991345    1.        ]
705 [ 349.55971622  -16.61113476    1.        ]
706 [ 349.80815684  -11.07690815    1.        ]
707 [ 349.95259784   -5.53927428    1.        ]
708 [ 350.    0.    1.]
709 [ 349.95259784    5.53927428    1.        ]
710 [ 349.80815684   11.07690815    1.        ]
711 [ 349.55971622   16.61113476    1.        ]
712 [ 349.19476213   22.13991345    1.        ]
713 [ 348.69364526   27.66073422    1.        ]
714 [ 348.0268588   33.1703322    1.       ]
715 [ 347.15043858   38.66423853    1.        ]
716 [ 345.99805783   44.13602946    1.        ]
717 [ 344.46694937   49.57599388    1.        ]
718 [ 342.3915934    54.96861381    1.        ]
719 [ 339.49158004   60.28744188    1.        ]
720 [ 335.26142258   65.48376461    1.        ]
721 [ 328.72434133   70.45897931    1.        ]
722 [ 317.89202228   74.99095332    1.        ]
723 [ 299.06893087   78.54057204    1.        ]
724 [ 270.00000342   80.            1.        ]
725 [ 240.93106913   78.54057204    1.        ]
726 [ 222.10797772   74.99095332    1.        ]
727 [ 211.27565867   70.45897931    1.        ]
728 [ 204.73857742   65.48376461    1.        ]
729 [ 200.50841996   60.28744188    1.        ]
730 [ 197.6084066    54.96861381    1.        ]
731 [ 195.53305063   49.57599388    1.        ]
732 [ 194.00194217   44.13602946    1.        ]
733 [ 192.84956142   38.66423853    1.        ]
734 [ 191.9731412   33.1703322    1.       ]
735 [ 191.30635474   27.66073422    1.        ]
736 [ 190.80523787   22.13991345    1.        ]
737 [ 190.44028378   16.61113476    1.        ]
738 [ 190.19184316   11.07690815    1.        ]
739 [ 190.04740216    5.53927428    1.        ]
740 [  1.90000000e+02   6.91010972e-15   1.00000000e+00]
741 [ 190.04740216   -5.53927428    1.        ]
742 [ 190.19184316  -11.07690815    1.        ]
743 [ 190.44028378  -16.61113476    1.        ]
744 [ 190.80523787  -22.13991345    1.        ]
745 [ 191.30635474  -27.66073422    1.        ]
746 [ 191.9731412  -33.1703322    1.       ]
747 [ 192.84956142  -38.66423853    1.        ]
748 [ 194.00194217  -44.13602946    1.        ]
749 [ 195.53305063  -49.57599388    1.        ]
750 [ 339.24642902  -43.07951714    1.        ]
751 [ 340.88211084  -37.79055979    1.        ]
752 [ 342.13795783  -32.45517599    1.        ]
753 [ 343.09993902  -27.08644462    1.        ]
754 [ 343.82646074  -21.69365184    1.        ]
755 [ 344.35742606  -16.28368943    1.        ]
756 [ 344.71974736  -10.86192058    1.        ]
757 [ 344.93071505   -5.43274602    1.        ]
758 [ 345.    0.    1.]
759 [ 344.93071505    5.43274602    1.        ]
760 [ 344.71974736   10.86192058    1.        ]
761 [ 344.35742606   16.28368943    1.        ]
762 [ 343.82646074   21.69365184    1.        ]
763 [ 343.09993902   27.08644462    1.        ]
764 [ 342.13795783   32.45517599    1.        ]
765 [ 340.88211084   37.79055979    1.        ]
766 [ 339.24642902   43.07951714    1.        ]
767 [ 337.10222434   48.30280605    1.        ]
768 [ 334.25218172   53.43081016    1.        ]
769 [ 330.38543059   58.4157047     1.        ]
770 [ 325.00086718   63.17628236    1.        ]
771 [ 317.29123821   67.56804879    1.        ]
772 [ 306.05787583   71.32781865    1.        ]
773 [ 290.09276969   74.00268866    1.        ]
774 [ 270.   75.    1.]
775 [ 249.90723031   74.00268866    1.        ]
776 [ 233.94212417   71.32781865    1.        ]
777 [ 222.70876179   67.56804879    1.        ]
778 [ 214.99913282   63.17628236    1.        ]
779 [ 209.61456941   58.4157047     1.        ]
780 [ 205.74781828   53.43081016    1.        ]
781 [ 202.89777566   48.30280605    1.        ]
782 [ 200.75357098   43.07951714    1.        ]
783 [ 199.11788916   37.79055979    1.        ]
784 [ 197.86204217   32.45517599    1.        ]
785 [ 196.90006098   27.08644462    1.        ]
786 [ 196.17353926   21.69365184    1.        ]
787 [ 195.64257394   16.28368943    1.        ]
788 [ 195.28025264   10.86192058    1.        ]
789 [ 195.06928495    5.43274602    1.        ]
790 [  1.95000000e+02   6.77762073e-15   1.00000000e+00]
791 [ 195.06928495   -5.43274602    1.        ]
792 [ 195.28025264  -10.86192058    1.        ]
793 [ 195.64257394  -16.28368943    1.        ]
794 [ 196.17353926  -21.69365184    1.        ]
795 [ 196.90006098  -27.08644462    1.        ]
796 [ 197.86204217  -32.45517599    1.        ]
797 [ 199.11788916  -37.79055979    1.        ]
798 [ 200.75357098  -43.07951714    1.        ]
799 [ 202.89777566  -48.30280605    1.        ]
800 [ 332.76368652  -41.64114327    1.        ]
801 [ 334.78670419  -36.59356376    1.        ]
802 [ 336.35892382  -31.4708865     1.        ]
803 [ 337.57398662  -26.29340735    1.        ]
804 [ 338.49761593  -21.07592727    1.        ]
805 [ 339.17579364  -15.82966312    1.        ]
806 [ 339.64006806  -10.56348816    1.        ]
807 [ 339.91095054   -5.2847744     1.        ]
808 [ 340.    0.    1.]
809 [ 339.91095054    5.2847744     1.        ]
810 [ 339.64006806   10.56348816    1.        ]
811 [ 339.17579364   15.82966312    1.        ]
812 [ 338.49761593   21.07592727    1.        ]
813 [ 337.57398662   26.29340735    1.        ]
814 [ 336.35892382   31.4708865     1.        ]
815 [ 334.78670419   36.59356376    1.        ]
816 [ 332.76368652   41.64114327    1.        ]
817 [ 330.15582875   46.58478757    1.        ]
818 [ 326.77002479   51.38213061    1.        ]
819 [ 322.32790303   55.96900056    1.        ]
820 [ 316.43568954   60.24583944    1.        ]
821 [ 308.57413247   64.05700818    1.        ]
822 [ 298.19158675   67.16654004    1.        ]
823 [ 285.07218021   69.25526207    1.        ]
824 [ 270.   70.    1.]
825 [ 254.92781979   69.25526207    1.        ]
826 [ 241.80841325   67.16654004    1.        ]
827 [ 231.42586753   64.05700818    1.        ]
828 [ 223.56431046   60.24583944    1.        ]
829 [ 217.67209697   55.96900056    1.        ]
830 [ 213.22997521   51.38213061    1.        ]
831 [ 209.84417125   46.58478757    1.        ]
832 [ 207.23631348   41.64114327    1.        ]
833 [ 205.21329581   36.59356376    1.        ]
834 [ 203.64107618   31.4708865     1.        ]
835 [ 202.42601338   26.29340735    1.        ]
836 [ 201.50238407   21.07592727    1.        ]
837 [ 200.82420636   15.82966312    1.        ]
838 [ 200.35993194   10.56348816    1.        ]
839 [ 200.08904946    5.2847744     1.        ]
840 [  2.00000000e+02   6.59354995e-15   1.00000000e+00]
841 [ 200.08904946   -5.2847744     1.        ]
842 [ 200.35993194  -10.56348816    1.        ]
843 [ 200.82420636  -15.82966312    1.        ]
844 [ 201.50238407  -21.07592727    1.        ]
845 [ 202.42601338  -26.29340735    1.        ]
846 [ 203.64107618  -31.4708865     1.        ]
847 [ 205.21329581  -36.59356376    1.        ]
848 [ 207.23631348  -41.64114327    1.        ]
849 [ 209.84417125  -46.58478757    1.        ]
850 [ 326.59680127  -39.85570743    1.        ]
851 [ 328.90011194  -35.09652104    1.        ]
852 [ 330.71526946  -30.23299859    1.        ]
853 [ 332.13276966  -25.29193079    1.        ]
854 [ 333.21865378  -20.29348323    1.        ]
855 [ 334.02047914  -15.25332861    1.        ]
856 [ 334.57156827  -10.18411549    1.        ]
857 [ 334.89390664   -5.09651412    1.        ]
858 [ 335.    0.    1.]
859 [ 334.89390664    5.09651412    1.        ]
860 [ 334.57156827   10.18411549    1.        ]
861 [ 334.02047914   15.25332861    1.        ]
862 [ 333.21865378   20.29348323    1.        ]
863 [ 332.13276966   25.29193079    1.        ]
864 [ 330.71526946   30.23299859    1.        ]
865 [ 328.90011194   35.09652104    1.        ]
866 [ 326.59680127   39.85570743    1.        ]
867 [ 323.6824369    44.47398908    1.        ]
868 [ 319.99220117   48.90034794    1.        ]
869 [ 315.31095073   53.06255685    1.        ]
870 [ 309.37460553   56.85810864    1.        ]
871 [ 301.90298642   60.14436526    1.        ]
872 [ 292.70309562   62.73451187    1.        ]
873 [ 281.870668     64.41474156    1.        ]
874 [ 270.   65.    1.]
875 [ 258.129332     64.41474156    1.        ]
876 [ 247.29690438   62.73451187    1.        ]
877 [ 238.09701358   60.14436526    1.        ]
878 [ 230.62539447   56.85810864    1.        ]
879 [ 224.68904927   53.06255685    1.        ]
880 [ 220.00779883   48.90034794    1.        ]
881 [ 216.3175631    44.47398908    1.        ]
882 [ 213.40319873   39.85570743    1.        ]
883 [ 211.09988806   35.09652104    1.        ]
884 [ 209.28473054   30.23299859    1.        ]
885 [ 207.86723034   25.29193079    1.        ]
886 [ 206.78134622   20.29348323    1.        ]
887 [ 205.97952086   15.25332861    1.        ]
888 [ 205.42843173   10.18411549    1.        ]
889 [ 205.10609336    5.09651412    1.        ]
890 [  2.05000000e+02   6.35929828e-15   1.00000000e+00]
891 [ 205.10609336   -5.09651412    1.        ]
892 [ 205.42843173  -10.18411549    1.        ]
893 [ 205.97952086  -15.25332861    1.        ]
894 [ 206.78134622  -20.29348323    1.        ]
895 [ 207.86723034  -25.29193079    1.        ]
896 [ 209.28473054  -30.23299859    1.        ]
897 [ 211.09988806  -35.09652104    1.        ]
898 [ 213.40319873  -39.85570743    1.        ]
899 [ 216.3175631   -44.47398908    1.        ]
900 [ 320.76847952  -37.76124391    1.        ]
901 [ 323.24448114  -33.3259082     1.        ]
902 [ 325.22492014  -28.75974877    1.        ]
903 [ 326.78921311  -24.09441945    1.        ]
904 [ 327.99793659  -19.35459615    1.        ]
905 [ 328.89618301  -14.56001163    1.        ]
906 [ 329.51632775   -9.72696002    1.        ]
907 [ 329.8801012    -4.86943113    1.        ]
908 [ 330.    0.    1.]
909 [ 329.8801012     4.86943113    1.        ]
910 [ 329.51632775    9.72696002    1.        ]
911 [ 328.89618301   14.56001163    1.        ]
912 [ 327.99793659   19.35459615    1.        ]
913 [ 326.78921311   24.09441945    1.        ]
914 [ 325.22492014   28.75974877    1.        ]
915 [ 323.24448114   33.3259082     1.        ]
916 [ 320.76847952   37.76124391    1.        ]
917 [ 317.69521792   42.02437443    1.        ]
918 [ 313.89864254   46.06057439    1.        ]
919 [ 309.231057     49.79735395    1.        ]
920 [ 303.53749799   53.13995312    1.        ]
921 [ 296.69269241   55.96897358    1.        ]
922 [ 288.67043752   58.14483805    1.        ]
923 [ 279.6352741    59.52553335    1.        ]
924 [ 270.   60.    1.]
925 [ 260.3647259    59.52553335    1.        ]
926 [ 251.32956248   58.14483805    1.        ]
927 [ 243.30730759   55.96897358    1.        ]
928 [ 236.46250201   53.13995312    1.        ]
929 [ 230.768943     49.79735395    1.        ]
930 [ 226.10135746   46.06057439    1.        ]
931 [ 222.30478208   42.02437443    1.        ]
932 [ 219.23152048   37.76124391    1.        ]
933 [ 216.75551886   33.3259082     1.        ]
934 [ 214.77507986   28.75974877    1.        ]
935 [ 213.21078689   24.09441945    1.        ]
936 [ 212.00206341   19.35459615    1.        ]
937 [ 211.10381699   14.56001163    1.        ]
938 [ 210.48367225    9.72696002    1.        ]
939 [ 210.1198988     4.86943113    1.        ]
940 [  2.10000000e+02   6.07664850e-15   1.00000000e+00]
941 [ 210.1198988    -4.86943113    1.        ]
942 [ 210.48367225   -9.72696002    1.        ]
943 [ 211.10381699  -14.56001163    1.        ]
944 [ 212.00206341  -19.35459615    1.        ]
945 [ 213.21078689  -24.09441945    1.        ]
946 [ 214.77507986  -28.75974877    1.        ]
947 [ 216.75551886  -33.3259082     1.        ]
948 [ 219.23152048  -37.76124391    1.        ]
949 [ 222.30478208  -42.02437443    1.        ]
950 [ 315.28088561  -35.39626014    1.        ]
951 [ 317.8291191   -31.30975324    1.        ]
952 [ 319.89818122  -27.07114287    1.        ]
953 [ 321.55193686  -22.71487898    1.        ]
954 [ 322.84154159  -18.26883073    1.        ]
955 [ 323.80650832  -13.75598095    1.        ]
956 [ 324.47599397   -9.19578895    1.        ]
957 [ 324.86995185   -4.60528922    1.        ]
958 [ 325.    0.    1.]
959 [ 324.86995185    4.60528922    1.        ]
960 [ 324.47599397    9.19578895    1.        ]
961 [ 323.80650832   13.75598095    1.        ]
962 [ 322.84154159   18.26883073    1.        ]
963 [ 321.55193686   22.71487898    1.        ]
964 [ 319.89818122   27.07114287    1.        ]
965 [ 317.8291191    31.30975324    1.        ]
966 [ 315.28088561   35.39626014    1.        ]
967 [ 312.17681374   39.28757857    1.        ]
968 [ 308.4297683    42.92966339    1.        ]
969 [ 303.94939837   46.25527356    1.        ]
970 [ 298.65786541   49.18270716    1.        ]
971 [ 292.51740412   51.61717636    1.        ]
972 [ 285.56878625   53.45719656    1.        ]
973 [ 277.96865417   54.60789441    1.        ]
974 [ 270.   55.    1.]
975 [ 262.03134583   54.60789441    1.        ]
976 [ 254.43121375   53.45719656    1.        ]
977 [ 247.48259588   51.61717636    1.        ]
978 [ 241.34213459   49.18270716    1.        ]
979 [ 236.05060163   46.25527356    1.        ]
980 [ 231.5702317    42.92966339    1.        ]
981 [ 227.82318626   39.28757857    1.        ]
982 [ 224.71911439   35.39626014    1.        ]
983 [ 222.1708809    31.30975324    1.        ]
984 [ 220.10181878   27.07114287    1.        ]
985 [ 218.44806314   22.71487898    1.        ]
986 [ 217.15845841   18.26883073    1.        ]
987 [ 216.19349168   13.75598095    1.        ]
988 [ 215.52400603    9.19578895    1.        ]
989 [ 215.13004815    4.60528922    1.        ]
990 [  2.15000000e+02   5.74775177e-15   1.00000000e+00]
991 [ 215.13004815   -4.60528922    1.        ]
992 [ 215.52400603   -9.19578895    1.        ]
993 [ 216.19349168  -13.75598095    1.        ]
994 [ 217.15845841  -18.26883073    1.        ]
995 [ 218.44806314  -22.71487898    1.        ]
996 [ 220.10181878  -27.07114287    1.        ]
997 [ 222.1708809   -31.30975324    1.        ]
998 [ 224.71911439  -35.39626014    1.        ]
999 [ 227.82318626  -39.28757857    1.        ]
1000 [ 310.12074021  -32.79775133    1.        ]
1001 [ 312.65244829  -29.07626991    1.        ]
1002 [ 314.73831385  -25.18810853    1.        ]
1003 [ 316.42531258  -21.16843285    1.        ]
1004 [ 317.75317564  -17.04678721    1.        ]
1005 [ 318.7538761   -12.84832939    1.        ]
1006 [ 319.45173608   -8.59493043    1.        ]
1007 [ 319.8637636    -4.30613412    1.        ]
1008 [ 320.    0.    1.]
1009 [ 319.8637636     4.30613412    1.        ]
1010 [ 319.45173608    8.59493043    1.        ]
1011 [ 318.7538761    12.84832939    1.        ]
1012 [ 317.75317564   17.04678721    1.        ]
1013 [ 316.42531258   21.16843285    1.        ]
1014 [ 314.73831385   25.18810853    1.        ]
1015 [ 312.65244829   29.07626991    1.        ]
1016 [ 310.12074021   32.79775133    1.        ]
1017 [ 307.09075619   36.3104644     1.        ]
1018 [ 303.5086551   39.5642185    1.       ]
1019 [ 299.32678761   42.50005255    1.        ]
1020 [ 294.51603829   45.05074637    1.        ]
1021 [ 289.08294932   47.14344299    1.        ]
1022 [ 283.08871062   48.70529409    1.        ]
1023 [ 276.66265585   49.67231626    1.        ]
1024 [ 270.00000121   50.            1.        ]
1025 [ 263.33734415   49.67231626    1.        ]
1026 [ 256.91128938   48.70529409    1.        ]
1027 [ 250.91705068   47.14344299    1.        ]
1028 [ 245.48396171   45.05074637    1.        ]
1029 [ 240.67321239   42.50005255    1.        ]
1030 [ 236.4913449   39.5642185    1.       ]
1031 [ 232.90924381   36.3104644     1.        ]
1032 [ 229.87925979   32.79775133    1.        ]
1033 [ 227.34755171   29.07626991    1.        ]
1034 [ 225.26168615   25.18810853    1.        ]
1035 [ 223.57468742   21.16843285    1.        ]
1036 [ 222.24682436   17.04678721    1.        ]
1037 [ 221.2461239    12.84832939    1.        ]
1038 [ 220.54826392    8.59493043    1.        ]
1039 [ 220.1362364     4.30613412    1.        ]
1040 [  2.20000000e+02   5.37511117e-15   1.00000000e+00]
1041 [ 220.1362364    -4.30613412    1.        ]
1042 [ 220.54826392   -8.59493043    1.        ]
1043 [ 221.2461239   -12.84832939    1.        ]
1044 [ 222.24682436  -17.04678721    1.        ]
1045 [ 223.57468742  -21.16843285    1.        ]
1046 [ 225.26168615  -25.18810853    1.        ]
1047 [ 227.34755171  -29.07626991    1.        ]
1048 [ 229.87925979  -32.79775133    1.        ]
1049 [ 232.90924381  -36.3104644     1.        ]
1050 [ 305.26438968  -30.            1.        ]
1051 [ 307.7043981   -26.65285784    1.        ]
1052 [ 309.74249362  -23.1317943     1.        ]
1053 [ 311.4097562   -19.47088614    1.        ]
1054 [ 312.7342096  -15.6998574    1.       ]
1055 [ 313.73949198  -11.84485215    1.        ]
1056 [ 314.44421648   -7.92922094    1.        ]
1057 [ 314.86171992   -3.97427558    1.        ]
1058 [ 315.    0.    1.]
1059 [ 314.86171992    3.97427558    1.        ]
1060 [ 314.44421648    7.92922094    1.        ]
1061 [ 313.73949198   11.84485215    1.        ]
1062 [ 312.7342096   15.6998574    1.       ]
1063 [ 311.4097562    19.47088614    1.        ]
1064 [ 309.74249362   23.1317943     1.        ]
1065 [ 307.7043981    26.65285784    1.        ]
1066 [ 305.26438968   30.            1.        ]
1067 [ 302.39076741   33.13413386    1.        ]
1068 [ 299.05524671   36.01080448    1.        ]
1069 [ 295.23903692   38.58042143    1.        ]
1070 [ 290.94102047   40.78947094    1.        ]
1071 [ 286.18720335   42.58311401    1.        ]
1072 [ 281.03919442   43.90939121    1.        ]
1073 [ 275.59808655   44.72476518    1.        ]
1074 [ 270.   45.    1.]
1075 [ 264.40191345   44.72476518    1.        ]
1076 [ 258.96080558   43.90939121    1.        ]
1077 [ 253.81279665   42.58311401    1.        ]
1078 [ 249.05897953   40.78947094    1.        ]
1079 [ 244.76096308   38.58042143    1.        ]
1080 [ 240.94475329   36.01080448    1.        ]
1081 [ 237.60923259   33.13413386    1.        ]
1082 [ 234.73561032   30.            1.        ]
1083 [ 232.2956019    26.65285784    1.        ]
1084 [ 230.25750638   23.1317943     1.        ]
1085 [ 228.5902438    19.47088614    1.        ]
1086 [ 227.2657904   15.6998574    1.       ]
1087 [ 226.26050802   11.84485215    1.        ]
1088 [ 225.55578352    7.92922094    1.        ]
1089 [ 225.13828008    3.97427558    1.        ]
1090 [  2.25000000e+02   4.96156273e-15   1.00000000e+00]
1091 [ 225.13828008   -3.97427558    1.        ]
1092 [ 225.55578352   -7.92922094    1.        ]
1093 [ 226.26050802  -11.84485215    1.        ]
1094 [ 227.2657904  -15.6998574    1.       ]
1095 [ 228.5902438   -19.47088614    1.        ]
1096 [ 230.25750638  -23.1317943     1.        ]
1097 [ 232.2956019   -26.65285784    1.        ]
1098 [ 234.73561032  -30.            1.        ]
1099 [ 237.60923259  -33.13413386    1.        ]
1100 [ 296.34100107  -23.92746472    1.        ]
1101 [ 298.42525412  -21.33824406    1.        ]
1102 [ 300.20801941  -18.58202727    1.        ]
1103 [ 301.69648814  -15.68700293    1.        ]
1104 [ 302.89912756  -12.67956155    1.        ]
1105 [ 303.82433273   -9.5844098     1.        ]
1106 [ 304.47945936   -6.4248084     1.        ]
1107 [ 304.87016637   -3.22288648    1.        ]
1108 [ 305.    0.    1.]
1109 [ 304.87016637    3.22288648    1.        ]
1110 [ 304.47945936    6.4248084     1.        ]
1111 [ 303.82433273    9.5844098     1.        ]
1112 [ 302.89912756   12.67956155    1.        ]
1113 [ 301.69648814   15.68700293    1.        ]
1114 [ 300.20801941   18.58202727    1.        ]
1115 [ 298.42525412   21.33824406    1.        ]
1116 [ 296.34100107   23.92746472    1.        ]
1117 [ 293.95112554   26.31977528    1.        ]
1118 [ 291.25675505   28.48387273    1.        ]
1119 [ 288.26679338   30.38774411    1.        ]
1120 [ 285.00046143   31.9997477     1.        ]
1121 [ 281.48939314   33.29010239    1.        ]
1122 [ 277.77866991   34.23270042    1.        ]
1123 [ 273.92618654   34.8070435     1.        ]
1124 [ 270.   35.    1.]
1125 [ 266.07381346   34.8070435     1.        ]
1126 [ 262.22133009   34.23270042    1.        ]
1127 [ 258.51060686   33.29010239    1.        ]
1128 [ 254.99953857   31.9997477     1.        ]
1129 [ 251.73320662   30.38774411    1.        ]
1130 [ 248.74324495   28.48387273    1.        ]
1131 [ 246.04887446   26.31977528    1.        ]
1132 [ 243.65899893   23.92746472    1.        ]
1133 [ 241.57474588   21.33824406    1.        ]
1134 [ 239.79198059   18.58202727    1.        ]
1135 [ 238.30351186   15.68700293    1.        ]
1136 [ 237.10087244   12.67956155    1.        ]
1137 [ 236.17566727    9.5844098     1.        ]
1138 [ 235.52054064    6.4248084     1.        ]
1139 [ 235.12983363    3.22288648    1.        ]
1140 [  2.35000000e+02   4.02461911e-15   1.00000000e+00]
1141 [ 235.12983363   -3.22288648    1.        ]
1142 [ 235.52054064   -6.4248084     1.        ]
1143 [ 236.17566727   -9.5844098     1.        ]
1144 [ 237.10087244  -12.67956155    1.        ]
1145 [ 238.30351186  -15.68700293    1.        ]
1146 [ 239.79198059  -18.58202727    1.        ]
1147 [ 241.57474588  -21.33824406    1.        ]
1148 [ 243.65899893  -23.92746472    1.        ]
1149 [ 246.04887446  -26.31977528    1.        ]
1150 [ 288.24890238  -17.38771833    1.        ]
1151 [ 289.82224034  -15.55160497    1.        ]
1152 [ 291.19234039  -13.57948753    1.        ]
1153 [ 292.35475056  -11.49140131    1.        ]
1154 [ 293.30696235   -9.30726823    1.        ]
1155 [ 294.04779555   -7.0467756     1.        ]
1156 [ 294.57687785   -4.72933294    1.        ]
1157 [ 294.8942353    -2.37409012    1.        ]
1158 [ 295.    0.    1.]
1159 [ 294.8942353     2.37409012    1.        ]
1160 [ 294.57687785    4.72933294    1.        ]
1161 [ 294.04779555    7.0467756     1.        ]
1162 [ 293.30696235    9.30726823    1.        ]
1163 [ 292.35475056   11.49140131    1.        ]
1164 [ 291.19234039   13.57948753    1.        ]
1165 [ 289.82224034   15.55160497    1.        ]
1166 [ 288.24890238   17.38771833    1.        ]
1167 [ 286.47939972   19.06789362    1.        ]
1168 [ 284.52411418   20.57261693    1.        ]
1169 [ 282.39735741   21.88321982    1.        ]
1170 [ 280.11783006   22.98240067    1.        ]
1171 [ 277.70881483   23.85481536    1.        ]
1172 [ 275.19801009   24.48769267    1.        ]
1173 [ 272.6169478   24.8714153    1.       ]
1174 [ 270.   25.    1.]
1175 [ 267.3830522   24.8714153    1.       ]
1176 [ 264.80198991   24.48769267    1.        ]
1177 [ 262.29118517   23.85481536    1.        ]
1178 [ 259.88216994   22.98240067    1.        ]
1179 [ 257.60264259   21.88321982    1.        ]
1180 [ 255.47588582   20.57261693    1.        ]
1181 [ 253.52060028   19.06789362    1.        ]
1182 [ 251.75109762   17.38771833    1.        ]
1183 [ 250.17775966   15.55160497    1.        ]
1184 [ 248.80765961   13.57948753    1.        ]
1185 [ 247.64524944   11.49140131    1.        ]
1186 [ 246.69303765    9.30726823    1.        ]
1187 [ 245.95220445    7.0467756     1.        ]
1188 [ 245.42312215    4.72933294    1.        ]
1189 [ 245.1057647     2.37409012    1.        ]
1190 [  2.45000000e+02   2.96538949e-15   1.00000000e+00]
1191 [ 245.1057647    -2.37409012    1.        ]
1192 [ 245.42312215   -4.72933294    1.        ]
1193 [ 245.95220445   -7.0467756     1.        ]
1194 [ 246.69303765   -9.30726823    1.        ]
1195 [ 247.64524944  -11.49140131    1.        ]
1196 [ 248.80765961  -13.57948753    1.        ]
1197 [ 250.17775966  -15.55160497    1.        ]
1198 [ 251.75109762  -17.38771833    1.        ]
1199 [ 253.52060028  -19.06789362    1.        ]
1200 [ 277.10707611   -7.05302213    1.        ]
1201 [ 277.76173267   -6.3246103     1.        ]
1202 [ 278.34074269   -5.53614961    1.        ]
1203 [ 278.83907104   -4.69532475    1.        ]
1204 [ 279.25248637   -3.81024302    1.        ]
1205 [ 279.57755386   -2.88935605    1.        ]
1206 [ 279.81162273   -1.9413851     1.        ]
1207 [ 279.95281236   -0.97524978    1.        ]
1208 [ 280.    0.    1.]
1209 [ 279.95281236    0.97524978    1.        ]
1210 [ 279.81162273    1.9413851     1.        ]
1211 [ 279.57755386    2.88935605    1.        ]
1212 [ 279.25248637    3.81024302    1.        ]
1213 [ 278.83907104    4.69532475    1.        ]
1214 [ 278.34074269    5.53614961    1.        ]
1215 [ 277.76173267    6.3246103     1.        ]
1216 [ 277.10707611    7.05302213    1.        ]
1217 [ 276.38261007    7.71420423    1.        ]
1218 [ 275.59495852    8.30156232    1.        ]
1219 [ 274.75150059    8.80917136    1.        ]
1220 [ 273.86031921    9.23185567    1.        ]
1221 [ 272.93012856    9.56526382    1.        ]
1222 [ 271.97018002    9.80593527    1.        ]
1223 [ 270.99014818    9.95135593    1.        ]
1224 [ 270.   10.    1.]
1225 [ 269.00985182    9.95135593    1.        ]
1226 [ 268.02981998    9.80593527    1.        ]
1227 [ 267.06987144    9.56526382    1.        ]
1228 [ 266.13968079    9.23185567    1.        ]
1229 [ 265.24849941    8.80917136    1.        ]
1230 [ 264.40504148    8.30156232    1.        ]
1231 [ 263.61738993    7.71420423    1.        ]
1232 [ 262.89292389    7.05302213    1.        ]
1233 [ 262.23826733    6.3246103     1.        ]
1234 [ 261.65925731    5.53614961    1.        ]
1235 [ 261.16092896    4.69532475    1.        ]
1236 [ 260.74751363    3.81024302    1.        ]
1237 [ 260.42244614    2.88935605    1.        ]
1238 [ 260.18837727    1.9413851     1.        ]
1239 [ 260.04718764    0.97524978    1.        ]
1240 [  2.60000000e+02   1.21843878e-15   1.00000000e+00]
1241 [ 260.04718764   -0.97524978    1.        ]
1242 [ 260.18837727   -1.9413851     1.        ]
1243 [ 260.42244614   -2.88935605    1.        ]
1244 [ 260.74751363   -3.81024302    1.        ]
1245 [ 261.16092896   -4.69532475    1.        ]
1246 [ 261.65925731   -5.53614961    1.        ]
1247 [ 262.23826733   -6.3246103     1.        ]
1248 [ 262.89292389   -7.05302213    1.        ]
1249 [ 263.61738993   -7.71420423    1.        ]
